10.78392187449995, -79.80585044761713
11.518785115520437, -78.29718310454344
12.095722033782382, -76.78858150276072
12.938723420047163, -75.35172682947426
14.037889920886482, -75.37144703910351
14.884745766765176, -76.96992526078526
15.380724773283806, -78.24504387297749
16.129868334489835, -79.62287656205682
17.502447067929307, -79.35174230272415
18.7252074957083, -77.57001921731698
20.277349610168436, -77.6957875857859
21.857640187321635, -79.75591536805273
22.905397116383625, -81.12121417473007
23.67228329687221, -83.68516497918141
24.824862637232478, -85.0999787776866
25.744686068055053, -86.59937327174352
27.19527976256112, -88.31873263286859
29.62068210571413, -88.55298239820861
31.228659286763623, -85.79474877686154
33.03468833652912, -84.426295563753
35.61921295967571, -81.80175466262271
37.33675051155396, -84.1996333144282
38.84449423518564, -86.79848088552528
40.28776638193954, -88.08068473692238
41.636194440862475, -89.94411737527602
43.719660692576994, -87.62940942789174
45.09884940920153, -89.96650928262079
45.864670277690756, -88.2618966615189
49.04765442612737, -89.75438635234678
53.235286536257235, -89.7147480720688
57.45170391773008, -90.12977042612856
57.48431204508063, -88.88429949082193
61.658062595935576, -89.61485603969732
62.60800584879316, -90.22598533399095
67.97785376310078, -90.09412379269304
71.39125553087088, -90.6151735991611
71.91156472068083, -92.30353615532228
78.59537707862708, -92.67679169796479
82.33653992361481, -93.46583120081061
88.98496533052227, -93.55997767903096
92.73721481294635, -94.74309681843346
97.54960805867844, -94.2082149140501
102.75554914927031, -95.34494885545067
111.66580436620035, -95.87190320008862
121.15302443497204, -95.87313285500495
131.42488063811894, -96.2318465677046
142.5087913978668, -97.49659746133781
154.58303066130682, -97.97241802055268
167.70711549970423, -98.09691804022187
181.9096744213306, -98.6528643365261
194.15034007630157, -99.83076462892886
207.74331587564762, -100.06508947188924
225.3784256494536, -100.21177815721396
246.04354107209565, -100.58696503563982
265.32982651338955, -99.98372188495875
286.2774616553092, -100.55782452083474
287.6392812859225, -101.7637135531721
312.0989087945204, -101.61335000952926
338.40692601789135, -102.96439015848946
367.0562089554072, -103.57580811893249
397.5740306249117, -103.77282921322914
431.9697973016375, -104.12065703367774
468.65452035340013, -104.19584890744581
505.98487904795695, -104.49864173479756
555.4787769211716, -105.3756519874789
600.6943755881226, -105.62043421349634
653.7367691056021, -105.84653868337246
708.1177210228809, -105.95704899906758
769.272890865413, -106.61019249555407
834.5297980048306, -106.87748068772868
904.0065742781945, -107.08302328990419
986.0649324391455, -107.37537321394377
1065.4112733987092, -107.72392804617144
1155.7750143295948, -108.01854116919958
1253.8192260481055, -108.28480210833457
1360.1041275541277, -108.67433341222244
1475.5229775248515, -108.878959168981
1600.47113238992, -109.44723250176051
1735.948787408379, -110.08022277603527
1883.5342900677654, -109.9674273435552
2042.334226458904, -110.03499088425284
2217.0951779976813, -110.0574086123624
2405.384437290415, -110.12890237518786
2609.588649584262, -110.26408582646897
2831.1848810316465, -110.35571374887074
3073.1636460591462, -110.58062788577577
3332.5887177128147, -110.43213527755512
3615.423666020467, -110.61827047960075
3934.667318334719, -110.65331765603192
4255.85688161634, -110.62227066899283
4617.0808481510585, -110.79330525135623
5025.1413756640995, -110.86041366207789
5434.749174911669, -110.87712300192578
5926.937886418986, -110.8382392428903
6397.673218113929, -110.80667669603318
6968.767379634107, -110.87722146030895
7530.635120368654, -110.90299758359909
8170.418628032466, -110.91109026715623
8943.363340535576, -111.01782185635834
9617.61949742172, -110.9380177660561
10366.589047567964, -110.96477313784352
11322.412832855247, -110.7217749037564
12284.58145815491, -110.68602344924687
13328.70145464531, -110.61945440354913
14461.565749896257, -110.55288535785138
15691.88912894482, -110.32236672703233
17028.977012957046, -109.82188599740448
18479.456958458813, -109.38550585744815
20086.048543383284, -108.87448305087233
21885.82976959451, -108.22006230135534
23619.683125434407, -107.65724619741937
25639.242984378856, -106.5613696060352
27829.76253543126, -105.60109041587918
30206.679678815213, -104.69546108743026
31316.850732639276, -104.11796610496106
33761.01237663839, -104.59317988198063
36615.08218545551, -105.45113857192939
39634.72611644607, -106.42955509043887
40865.7896682452, -108.4449833528125
44622.735015918865, -110.65616620838587
47132.28051603666, -112.5962015349837
50039.567232520254, -113.60595916243855
51522.6517876804, -115.61823958464629
55997.261198261025, -116.68755243592884
60119.53024663188, -118.06668158047484
61783.25487090256, -119.98133631838598
67283.02319943211, -120.46981648951612
72667.05212528832, -121.53899641148082
78559.0727759085, -123.43441889329081
81802.93794408608, -124.97760683824188
89193.63136565586, -125.4488685392747
93249.97132287084, -127.26711885716321
99600.10760223592, -127.87100944679305
107724.97275725653, -128.73827675698612
115942.0635808953, -130.10386059583413
125764.60245278363, -130.5936517963877
136421.72106868448, -131.04449869281743
145712.8579667972, -132.86899305864205
158013.3020790413, -133.97349247809652
170104.76372503006, -134.84278591510457
185849.76733066552, -135.79418966803394
201207.52247482794, -136.75021393781395
218560.59232373728, -137.91073573337826
237021.83867447183, -138.91045534279283
257071.331099584, -139.6636342227016
278827.5988623962, -140.33175655093095
303746.1230529052, -140.58587531997009
305465.0023938772, -141.82717952818683
332851.57235464687, -142.11446350141614
361001.14502542984, -142.90462349075082
394650.9005954669, -143.50429863791607
424676.9193706955, -144.31236495876615
460588.3686011397, -145.12101550281375
501982.6296005057, -145.6681248624925
528167.1116207361, -146.54069896384573
570582.9365092232, -146.93633168218759
616278.3251907303, -147.5250757154079
640872.0299278449, -148.22164499744338
689833.3331930682, -148.40473259900222
736860.9718989469, -149.6754051433137
804541.9818754883, -149.96792311950935
851972.6233720089, -150.52998022152605
926525.2698897119, -150.67658967159724
1000378.5317824277, -151.15690735986078
1038452.8309637503, -152.5591107854759
1090949.0608682623, -152.9247592546701
1137436.9975639505, -152.91570292605905
1220770.9079746515, -153.46268450086583
1324090.7359509817, -154.12341060721
1436009.85765954, -155.00602337010932
1557585.775972039, -155.61127781231468
1689573.1961767105, -156.06244429857898
1832564.9147471802, -156.72933392316077
1987792.2441930042, -157.24829911003917
2150860.889676871, -157.75277211687572
2338517.275484575, -158.5574242862522
2536494.4382690103, -159.1688422466952
2751156.494840297, -159.84066268586713
2984509.847703579, -160.12664688336258
3203550.6189346537, -160.41205629132895
3242393.2479837327, -159.91545924082322
3512663.162793293, -160.45577265979034
3834885.3064204394, -160.74885267026474
4132358.2690237733, -161.80598795758766
4482775.49417573, -162.1359385851783
4862953.043905253, -162.4453441519768
5272764.909888121, -162.5884785220552
5723026.566250766, -162.9655389937715
6226874.841751372, -163.00694562967777
6735214.751674698, -163.48573383556618
7319593.335034396, -163.59569749371815
7926932.897615902, -163.8641677578951
8575861.050193729, -163.88179949731398
9356964.047171317, -164.05164334075386
10174580.941386083, -164.16963042929913
10984071.551308969, -163.859356823771
11915661.949346896, -164.160001389646
12927300.533866096, -164.28450140931517
14025614.791807896, -164.28573106423153
15218353.762230918, -164.12670924496913
16510483.294747515, -164.23888222816305
17911417.04355965, -164.46199853963452
19448045.1202868, -164.41269852368322
21110250.77628095, -164.47081120767984
22873140.097647943, -164.69990119741396
24815137.232077673, -164.8182376988455
26920276.991426174, -165.07833511974286
29206298.04996748, -165.16585402998618
30871160.30200231, -165.5180129706112
