Effective Refractive Indices:
rel_box_size:     0.001
rel_grid_spacing: 20
rel_tolerance:    0
eigenvectors:     4
boundary cond:    0000
Wavelengths from 0.4 um to 4.5 um in 400 steps
Heights from 0.77 um to 0.77 um in 1 steps
Widths from 0.76 um to 0.76 um in 1 steps
height	width	frequency	Ex_n_eff		Ex_frac	Ex_core	Ex_A_eff		Ey_n_eff		Ey_frac	Ey_core	Ey_A_eff
770   	760   	66.6205		1.31456581265	0.984	0.00141	7.08746e-08		1.31120871853	0.947	0.00348	2.12355e-08
770   	760   	68.332		1.32238501233	0.985	0.00138	7.44694e-08		1.31927307424	0.95	0.00338	2.2248e-08
770   	760   	70.0434		1.32950689508	0.986	0.00135	7.76477e-08		1.32662103195	0.952	0.00329	2.31013e-08
770   	760   	71.7548		1.33601717497	0.986	0.00133	8.03874e-08		1.33333980655	0.955	0.00322	2.37817e-08
770   	760   	73.4663		1.34198816123	0.987	0.00131	8.26703e-08		1.33950320115	0.957	0.00317	2.42783e-08
770   	760   	75.1777		1.3474812902	0.988	0.00129	8.44819e-08		1.34517408951	0.959	0.00312	2.45834e-08
770   	760   	76.8891		1.35254910216	0.988	0.00129	8.58123e-08		1.35040636751	0.96	0.00309	2.46923e-08
770   	760   	78.6006		1.3572368002	0.989	0.00128	8.66553e-08		1.35524650155	0.962	0.00307	2.46038e-08
770   	760   	80.312		1.36158349116	0.989	0.00128	8.7009e-08		1.35973476768	0.964	0.00307	2.43198e-08
770   	760   	82.0234		1.36562318198	0.99	0.00128	8.68757e-08		1.36390625161	0.965	0.00307	2.38459e-08
770   	760   	83.7348		1.36938558621	0.99	0.00129	8.62618e-08		1.36779166177	0.966	0.00309	2.31903e-08
770   	760   	85.4463		1.37289678173	0.99	0.0013	8.51782e-08		1.37141799561	0.968	0.00312	2.23646e-08
770   	760   	87.1577		1.37617975102	0.991	0.00131	8.36398e-08		1.37480908928	0.969	0.00317	2.13833e-08
770   	760   	88.8691		1.37925482785	0.991	0.00133	8.16659e-08		1.3779860745	0.97	0.00323	2.02633e-08
770   	760   	90.5806		1.38214006885	0.991	0.00135	7.92798e-08		1.38096776093	0.971	0.00331	1.90238e-08
770   	760   	92.292		1.3848515646	0.992	0.00138	7.6509e-08		1.38377095872	0.972	0.00341	1.76861e-08
770   	760   	94.0034		1.38740370138	0.992	0.00142	7.33847e-08		1.38641075269	0.973	0.00353	1.6273e-08
770   	760   	95.7149		1.3898093828	0.992	0.00145	6.9942e-08		1.38890073784	0.974	0.00368	1.48084e-08
770   	760   	97.4263		1.3920802183	0.992	0.0015	6.62194e-08		1.3912532241	0.975	0.00385	1.33168e-08
770   	760   	99.1377		1.39422668455	0.993	0.00155	6.22586e-08		1.39347941711	0.976	0.00407	1.1823e-08
770   	760   	100.849		1.39625826424	0.993	0.00161	5.8104e-08		1.39558958144	0.976	0.00432	1.03513e-08
770   	760   	102.561		1.39818356638	0.993	0.00168	5.38026e-08		1.39759319252	0.977	0.00463	8.92513e-09
770   	760   	104.272		1.40001043109	0.993	0.00176	4.94033e-08		1.39949908397	0.978	0.00501	7.5662e-09
770   	760   	105.983		1.40174602185	0.993	0.00185	4.4956e-08		1.40131559877	0.978	0.00546	6.29416e-09
770   	760   	107.695		1.40339690745	0.993	0.00196	4.05117e-08		1.40305075536	0.979	0.00603	5.12591e-09
770   	760   	109.406		1.40496913595	0.993	0.00209	3.61211e-08		1.40471244511	0.979	0.00674	4.075e-09
770   	760   	111.118		1.40646830254	0.993	0.00223	3.18343e-08		1.40630868728	0.979	0.00764	3.15118e-09
770   	760   	112.829		1.40789961368	0.994	0.00241	2.76993e-08		1.40784798488	0.98	0.00881	2.35997e-09
770   	760   	114.541		1.40926794968	0.994	0.00261	2.37618e-08		1.40933985787	0.98	0.0104	1.70236e-09
770   	760   	116.252		1.41057792891	0.994	0.00286	2.00634e-08		1.41079569404	0.979	0.0124	1.17467e-09
770   	760   	117.963		1.41183397739	0.993	0.00315	1.66412e-08		1.41223018635	0.979	0.0154	7.68643e-10
770   	760   	119.675		1.41304040985	0.993	0.00351	1.35263e-08		1.41366389304	0.978	0.0196	4.71816e-10
770   	760   	121.386		1.41420153092	0.993	0.00396	1.07426e-08		1.41512802355	0.976	0.0261	2.68185e-10
770   	760   	123.098		1.41532177135	0.993	0.00453	8.30624e-09		1.41667372335	0.972	0.0363	1.39269e-10
770   	760   	124.809		1.41640588419	0.993	0.00526	6.22436e-09		1.41839012971	0.966	0.0534	6.55817e-11
770   	760   	126.521		1.41745924601	0.992	0.00623	4.49445e-09		1.420435866 	0.954	0.0821	2.85013e-11
770   	760   	128.232		1.41848834776	0.991	0.00753	3.10397e-09		1.42306995725	0.935	0.128	1.23549e-11
770   	760   	129.943		1.41950164357	0.99	0.00936	2.03036e-09		1.42659544788	0.91	0.187	6.1352e-12
770   	760   	131.655		1.42051111109	0.989	0.012	1.24161e-09		1.4311410257	0.886	0.245	3.8007e-12
770   	760   	133.366		1.42153531764	0.986	0.0162	6.97497e-10		1.43655503213	0.867	0.291	2.82256e-12
770   	760   	135.078		1.42260589898	0.982	0.0229	3.5165e-10		1.4425861624	0.854	0.327	2.3297e-12
770   	760   	136.789		1.42378230139	0.974	0.0348	1.54624e-10		1.44903313906	0.844	0.356	2.0345e-12
770   	760   	138.501		1.42518708073	0.96	0.0575	5.79483e-11		1.45576176582	0.836	0.38	1.83373e-12
770   	760   	140.212		1.42708439555	0.933	0.102	1.91217e-11		1.46268312075	0.83	0.401	1.68494e-12
770   	760   	141.923		1.42996319295	0.888	0.178	6.76318e-12		1.46973543966	0.826	0.42	1.56819e-12
770   	760   	143.635		1.43427487443	0.84	0.262	3.36615e-12		1.47687351587	0.822	0.438	1.47289e-12
770   	760   	145.346		1.43989005641	0.807	0.325	2.32239e-12		1.48406279931	0.819	0.455	1.39288e-12
770   	760   	147.058		1.44635913494	0.788	0.369	1.88875e-12		1.49127601838	0.816	0.47	1.3243e-12
770   	760   	148.769		1.45334579652	0.775	0.401	1.65178e-12		1.49849114515	0.814	0.485	1.26457e-12
770   	760   	150.481		1.46065358432	0.767	0.427	1.49711e-12		1.50569010045	0.813	0.499	1.21187e-12
770   	760   	152.192		1.46816351588	0.761	0.45	1.38475e-12		1.51285788604	0.811	0.513	1.16491e-12
770   	760   	153.903		1.47579718246	0.757	0.47	1.29751e-12		1.51998197512	0.81	0.526	1.12271e-12
770   	760   	155.615		1.48349918387	0.754	0.488	1.22672e-12		1.52705186677	0.81	0.539	1.0845e-12
770   	760   	157.326		1.49122843359	0.752	0.505	1.16749e-12		1.53405874873	0.809	0.551	1.0497e-12
770   	760   	159.038		1.49895346447	0.751	0.52	1.11678e-12		1.54099523453	0.809	0.562	1.01783e-12
770   	760   	160.749		1.50664966648	0.75	0.535	1.07262e-12		1.54785515353	0.809	0.574	9.88519e-13
770   	760   	162.461		1.51429753676	0.75	0.549	1.03363e-12		1.55463337977	0.809	0.584	9.61445e-13
770   	760   	164.172		1.52188150224	0.75	0.562	9.98824e-13		1.56132569012	0.81	0.595	9.36346e-13
770   	760   	165.883		1.52938908821	0.751	0.575	9.67469e-13		1.56792864491	0.81	0.605	9.13003e-13
770   	760   	167.595		1.53681030796	0.752	0.587	9.39007e-13		1.57443948656	0.811	0.615	8.91227e-13
770   	760   	169.306		1.54413720064	0.753	0.598	9.13004e-13		1.58085605256	0.812	0.625	8.7086e-13
770   	760   	171.018		1.55136347255	0.754	0.609	8.89115e-13		1.58717670018	0.813	0.634	8.51763e-13
770   	760   	172.729		1.55848421297	0.756	0.62	8.67062e-13		1.59340024111	0.814	0.643	8.33817e-13
770   	760   	174.441		1.56549566538	0.757	0.63	8.46617e-13		1.59952588423	0.815	0.652	8.16917e-13
770   	760   	176.152		1.57239504089	0.759	0.64	8.27592e-13		1.60555318548	0.816	0.66	8.00971e-13
770   	760   	177.864		1.57918036434	0.761	0.65	8.09829e-13		1.61148200373	0.817	0.668	7.85898e-13
770   	760   	179.575		1.58585034628	0.763	0.659	7.93194e-13		1.61731246184	0.818	0.676	7.71628e-13
770   	760   	181.286		1.59240427567	0.765	0.668	7.77573e-13		1.62304491227	0.82	0.684	7.58095e-13
770   	760   	182.998		1.5988419295	0.767	0.676	7.62868e-13		1.62867990666	0.821	0.692	7.45243e-13
770   	760   	184.709		1.60516349614	0.769	0.684	7.48995e-13		1.63421816889	0.823	0.699	7.33022e-13
770   	760   	186.421		1.61136951023	0.772	0.692	7.3588e-13		1.63966057115	0.824	0.706	7.21384e-13
770   	760   	188.132		1.61746079707	0.774	0.7	7.23457e-13		1.64500811278	0.826	0.713	7.10289e-13
770   	760   	189.844		1.62343842507	0.776	0.707	7.1167e-13		1.65026190151	0.827	0.719	6.99699e-13
770   	760   	191.555		1.62930366498	0.779	0.715	7.00468e-13		1.65542313675	0.829	0.726	6.89579e-13
770   	760   	193.266		1.63505795487	0.781	0.722	6.89807e-13		1.66049309486	0.83	0.732	6.799e-13
770   	760   	194.978		1.64070287002	0.784	0.728	6.79645e-13		1.66547311606	0.832	0.738	6.70632e-13
770   	760   	196.689		1.64624009705	0.786	0.735	6.69947e-13		1.6703645928	0.833	0.744	6.61749e-13
770   	760   	198.401		1.65167141157	0.788	0.741	6.6068e-13		1.67516895956	0.835	0.75	6.53228e-13
770   	760   	200.112		1.656998659 	0.791	0.747	6.51815e-13		1.67988768371	0.837	0.756	6.45048e-13
770   	760   	201.824		1.66222373806	0.793	0.753	6.43326e-13		1.68452225758	0.838	0.761	6.37187e-13
770   	760   	203.535		1.6673485865	0.796	0.759	6.35187e-13		1.68907419131	0.84	0.766	6.29628e-13
770   	760   	205.246		1.67237516891	0.798	0.765	6.27378e-13		1.69354500672	0.841	0.772	6.22353e-13
770   	760   	206.958		1.67730546621	0.8	0.77	6.19877e-13		1.69793623177	0.843	0.777	6.15347e-13
770   	760   	208.669		1.68214146669	0.803	0.775	6.12667e-13		1.70224939581	0.845	0.781	6.08596e-13
770   	760   	210.381		1.68688515826	0.805	0.78	6.0573e-13		1.70648602537	0.846	0.786	6.02084e-13
770   	760   	212.092		1.69153852195	0.808	0.785	5.9905e-13		1.71064764051	0.848	0.791	5.95801e-13
770   	760   	213.804		1.69610352631	0.81	0.79	5.92614e-13		1.71473575164	0.85	0.795	5.89733e-13
770   	760   	215.515		1.70058212271	0.812	0.795	5.86409e-13		1.71875185679	0.851	0.8	5.83871e-13
770   	760   	217.226		1.70497624136	0.815	0.799	5.8042e-13		1.72269743917	0.853	0.804	5.78203e-13
770   	760   	218.938		1.70928778801	0.817	0.804	5.74639e-13		1.72657396523	0.854	0.808	5.72721e-13
770   	760   	220.649		1.71351864121	0.819	0.808	5.69052e-13		1.73038288285	0.856	0.812	5.67416e-13
770   	760   	222.361		1.71767064999	0.821	0.812	5.63652e-13		1.73412561991	0.857	0.816	5.62278e-13
770   	760   	224.072		1.7217456321	0.823	0.816	5.58428e-13		1.73780358306	0.859	0.82	5.57301e-13
770   	760   	225.784		1.72574537251	0.826	0.82	5.53372e-13		1.74141815672	0.86	0.823	5.52477e-13
770   	760   	227.495		1.72967162228	0.828	0.824	5.48476e-13		1.74497070223	0.862	0.827	5.47799e-13
770   	760   	229.206		1.7335260977	0.83	0.828	5.43732e-13		1.74846255721	0.863	0.83	5.4326e-13
770   	760   	230.918		1.7373104797	0.832	0.831	5.39134e-13		1.75189503502	0.865	0.834	5.38855e-13
770   	760   	232.629		1.74102641338	0.834	0.835	5.34675e-13		1.75526942444	0.866	0.837	5.34578e-13
770   	760   	234.341		1.74467550787	0.836	0.838	5.30348e-13		1.75858698934	0.868	0.841	5.30422e-13
770   	760   	236.052		1.74825933619	0.838	0.842	5.26148e-13		1.76184896855	0.869	0.844	5.26384e-13
770   	760   	237.764		1.75177943537	0.84	0.845	5.22069e-13		1.7650565758	0.871	0.847	5.22458e-13
770   	760   	239.475		1.75523730657	0.842	0.848	5.18106e-13		1.76821099968	0.872	0.85	5.18639e-13
770   	760   	241.186		1.75863441543	0.844	0.851	5.14255e-13		1.77131340376	0.874	0.853	5.14924e-13
770   	760   	242.898		1.76197219235	0.846	0.854	5.1051e-13		1.77436492668	0.875	0.856	5.11308e-13
770   	760   	244.609		1.765252033 	0.848	0.857	5.06867e-13		1.7773666824	0.876	0.858	5.07787e-13
770   	760   	246.321		1.76847529875	0.85	0.86	5.03322e-13		1.78031976034	0.878	0.861	5.04358e-13
770   	760   	248.032		1.7716433172	0.851	0.862	4.99872e-13		1.78322522574	0.879	0.864	5.01017e-13
770   	760   	249.744		1.77475738282	0.853	0.865	4.96512e-13		1.78608411989	0.88	0.866	4.97761e-13
770   	760   	251.455		1.77781875749	0.855	0.868	4.93239e-13		1.78889746049	0.882	0.869	4.94586e-13
770   	760   	253.166		1.78082867116	0.857	0.87	4.9005e-13		1.79166624203	0.883	0.871	4.9149e-13
770   	760   	254.878		1.78378832251	0.858	0.873	4.86941e-13		1.7943914361	0.884	0.874	4.8847e-13
770   	760   	256.589		1.78669887962	0.86	0.875	4.8391e-13		1.79707399185	0.885	0.876	4.85523e-13
770   	760   	258.301		1.78956148059	0.862	0.878	4.80954e-13		1.79971483633	0.887	0.878	4.82646e-13
770   	760   	260.012		1.79237723432	0.863	0.88	4.7807e-13		1.80231487494	0.888	0.881	4.79837e-13
770   	760   	261.724		1.79514722112	0.865	0.882	4.75255e-13		1.80487499186	0.889	0.883	4.77093e-13
770   	760   	263.435		1.7978724934	0.867	0.884	4.72507e-13		1.80739605042	0.89	0.885	4.74413e-13
770   	760   	265.146		1.80055407642	0.868	0.887	4.69824e-13		1.80987889362	0.891	0.887	4.71795e-13
770   	760   	266.858		1.80319296889	0.87	0.889	4.67203e-13		1.81232434446	0.893	0.889	4.69235e-13
770   	760   	268.569		1.80579014368	0.871	0.891	4.64643e-13		1.81473320645	0.894	0.891	4.66732e-13
770   	760   	270.281		1.80834654851	0.873	0.893	4.6214e-13		1.81710626402	0.895	0.893	4.64285e-13
770   	760   	271.992		1.81086310653	0.874	0.895	4.59694e-13		1.81944428292	0.896	0.895	4.61891e-13
770   	760   	273.704		1.81334071708	0.876	0.897	4.57303e-13		1.82174801071	0.897	0.897	4.59549e-13
770   	760   	275.415		1.81578025621	0.877	0.898	4.54964e-13		1.82401817712	0.898	0.898	4.57257e-13
770   	760   	277.126		1.81818257738	0.879	0.9	4.52676e-13		1.8262554945	0.899	0.9	4.55014e-13
770   	760   	278.838		1.82054851206	0.88	0.902	4.50437e-13		1.82846065823	0.9	0.902	4.52817e-13
770   	760   	280.549		1.82287887029	0.881	0.904	4.48246e-13		1.83063434714	0.901	0.904	4.50667e-13
770   	760   	282.261		1.82517444133	0.883	0.905	4.46102e-13		1.83277722389	0.902	0.905	4.4856e-13
770   	760   	283.972		1.82743599417	0.884	0.907	4.44002e-13		1.83488993537	0.903	0.907	4.46496e-13
770   	760   	285.684		1.82966427815	0.885	0.909	4.41945e-13		1.83697311312	0.904	0.909	4.44474e-13
770   	760   	287.395		1.83186002345	0.887	0.91	4.39931e-13		1.83902737367	0.905	0.91	4.42492e-13
770   	760   	289.106		1.83402394165	0.888	0.912	4.37958e-13		1.84105331892	0.906	0.912	4.40549e-13
770   	760   	290.818		1.83615672628	0.889	0.913	4.36024e-13		1.84305153655	0.907	0.913	4.38644e-13
770   	760   	292.529		1.83825905325	0.89	0.915	4.34129e-13		1.84502260033	0.908	0.914	4.36777e-13
770   	760   	294.241		1.84033158143	0.892	0.916	4.32271e-13		1.84696707049	0.909	0.916	4.34944e-13
770   	760   	295.952		1.84237495306	0.893	0.918	4.30449e-13		1.84888549407	0.91	0.917	4.33147e-13
770   	760   	297.664		1.84438979426	0.894	0.919	4.28663e-13		1.85077840525	0.911	0.919	4.31384e-13
770   	760   	299.375		1.84637671545	0.895	0.92	4.26911e-13		1.8526463257	0.912	0.92	4.29653e-13
770   	760   	301.086		1.84833631183	0.896	0.922	4.25192e-13		1.85448976485	0.913	0.921	4.27955e-13
770   	760   	302.798		1.85026916378	0.897	0.923	4.23505e-13		1.85630922026	0.914	0.923	4.26287e-13
770   	760   	304.509		1.85217583727	0.899	0.924	4.2185e-13		1.85810517788	0.914	0.924	4.2465e-13
770   	760   	306.221		1.8540568843	0.9	0.925	4.20225e-13		1.85987811241	0.915	0.925	4.23043e-13
770   	760   	307.932		1.85591284327	0.901	0.927	4.18631e-13		1.8616284875	0.916	0.926	4.21464e-13
770   	760   	309.644		1.85774423934	0.902	0.928	4.17065e-13		1.86335675613	0.917	0.927	4.19913e-13
770   	760   	311.355		1.85955158486	0.903	0.929	4.15527e-13		1.86506336081	0.918	0.929	4.18389e-13
770   	760   	313.066		1.86133537966	0.904	0.93	4.14017e-13		1.86674873391	0.919	0.93	4.16892e-13
770   	760   	314.778		1.86309611145	0.905	0.931	4.12533e-13		1.86841329787	0.919	0.931	4.1542e-13
770   	760   	316.489		1.86483425615	0.906	0.932	4.11076e-13		1.87005746549	0.92	0.932	4.13974e-13
770   	760   	318.201		1.86655027819	0.907	0.933	4.09643e-13		1.87168164018	0.921	0.933	4.12552e-13
770   	760   	319.912		1.86824463085	0.908	0.935	4.08236e-13		1.87328621617	0.922	0.934	4.11154e-13
770   	760   	321.624		1.86991775659	0.909	0.936	4.06852e-13		1.87487157878	0.922	0.935	4.0978e-13
770   	760   	323.335		1.87157008731	0.91	0.937	4.05492e-13		1.87643810463	0.923	0.936	4.08428e-13
770   	760   	325.046		1.87320204466	0.911	0.938	4.04155e-13		1.87798616189	0.924	0.937	4.07098e-13
770   	760   	326.758		1.87481404034	0.912	0.938	4.0284e-13		1.87951611045	0.925	0.938	4.0579e-13
770   	760   	328.469		1.87640647633	0.912	0.939	4.01547e-13		1.88102830218	0.925	0.939	4.04503e-13
770   	760   	330.181		1.8779797452	0.913	0.94	4.00275e-13		1.88252308112	0.926	0.94	4.03237e-13
770   	760   	331.892		1.87953423035	0.914	0.941	3.99024e-13		1.88400078366	0.927	0.941	4.01991e-13
770   	760   	333.604		1.88107030625	0.915	0.942	3.97793e-13		1.88546173876	0.927	0.942	4.00764e-13
770   	760   	335.315		1.88258833871	0.916	0.943	3.96582e-13		1.88690626813	0.928	0.942	3.99557e-13
770   	760   	337.026		1.88408868508	0.917	0.944	3.9539e-13		1.88833468642	0.929	0.943	3.98368e-13
770   	760   	338.738		1.88557169452	0.918	0.945	3.94217e-13		1.88974730138	0.929	0.944	3.97198e-13
770   	760   	340.449		1.88703770816	0.918	0.946	3.93062e-13		1.89114441408	0.93	0.945	3.96045e-13
770   	760   	342.161		1.8884870594	0.919	0.946	3.91925e-13		1.89252631901	0.931	0.946	3.9491e-13
770   	760   	343.872		1.88992007404	0.92	0.947	3.90806e-13		1.89389330431	0.931	0.946	3.93792e-13
770   	760   	345.584		1.89133707052	0.921	0.948	3.89704e-13		1.89524565191	0.932	0.947	3.92691e-13
770   	760   	347.295		1.89273836012	0.922	0.949	3.88618e-13		1.89658363766	0.933	0.948	3.91606e-13
770   	760   	349.007		1.89412424713	0.922	0.949	3.87549e-13		1.89790753152	0.933	0.949	3.90537e-13
770   	760   	350.718		1.89549502905	0.923	0.95	3.86496e-13		1.89921759767	0.934	0.949	3.89484e-13
770   	760   	352.429		1.89685099677	0.924	0.951	3.85459e-13		1.90051409471	0.934	0.95	3.88446e-13
770   	760   	354.141		1.89819243474	0.925	0.952	3.84437e-13		1.90179727572	0.935	0.951	3.87423e-13
770   	760   	355.852		1.89951962112	0.925	0.952	3.83429e-13		1.90306738848	0.936	0.952	3.86415e-13
770   	760   	357.564		1.90083282798	0.926	0.953	3.82437e-13		1.90432467553	0.936	0.952	3.85421e-13
770   	760   	359.275		1.90213232143	0.927	0.954	3.81459e-13		1.90556937435	0.937	0.953	3.84441e-13
770   	760   	360.987		1.90341836179	0.927	0.954	3.80495e-13		1.90680171746	0.937	0.954	3.83475e-13
770   	760   	362.698		1.90469120374	0.928	0.955	3.79544e-13		1.90802193255	0.938	0.954	3.82522e-13
770   	760   	364.409		1.90595109646	0.929	0.956	3.78607e-13		1.90923024259	0.938	0.955	3.81582e-13
770   	760   	366.121		1.90719828376	0.929	0.956	3.77684e-13		1.91042686596	0.939	0.955	3.80655e-13
770   	760   	367.832		1.90843300424	0.93	0.957	3.76773e-13		1.91161201654	0.94	0.956	3.79741e-13
770   	760   	369.544		1.90965549141	0.931	0.957	3.75874e-13		1.91278590383	0.94	0.957	3.78839e-13
770   	760   	371.255		1.91086597381	0.931	0.958	3.74988e-13		1.91394873308	0.941	0.957	3.7795e-13
770   	760   	372.967		1.91206467518	0.932	0.959	3.74115e-13		1.91510070535	0.941	0.958	3.77072e-13
770   	760   	374.678		1.9132518145	0.933	0.959	3.73253e-13		1.91624201764	0.942	0.958	3.76206e-13
770   	760   	376.389		1.91442760621	0.933	0.96	3.72402e-13		1.91737286297	0.942	0.959	3.75351e-13
770   	760   	378.101		1.91559226023	0.934	0.96	3.71563e-13		1.9184934305	0.943	0.96	3.74507e-13
770   	760   	379.812		1.91674598214	0.934	0.961	3.70736e-13		1.91960390558	0.943	0.96	3.73675e-13
770   	760   	381.524		1.91788897326	0.935	0.961	3.69919e-13		1.92070446989	0.944	0.961	3.72853e-13
770   	760   	383.235		1.91902143075	0.936	0.962	3.69113e-13		1.92179530149	0.944	0.961	3.72042e-13
770   	760   	384.947		1.92014354773	0.936	0.962	3.68317e-13		1.92287657494	0.944	0.962	3.71241e-13
770   	760   	386.658		1.92125551336	0.937	0.963	3.67532e-13		1.92394846132	0.945	0.962	3.7045e-13
770   	760   	388.369		1.92235751297	0.937	0.963	3.66756e-13		1.9250111284	0.945	0.963	3.69669e-13
770   	760   	390.081		1.92344972811	0.938	0.964	3.65991e-13		1.92606474064	0.946	0.963	3.68898e-13
770   	760   	391.792		1.92453233668	0.938	0.964	3.65236e-13		1.92710945931	0.946	0.964	3.68137e-13
770   	760   	393.504		1.92560551299	0.939	0.965	3.6449e-13		1.92814544255	0.947	0.964	3.67384e-13
770   	760   	395.215		1.92666942786	0.94	0.965	3.63753e-13		1.92917284543	0.947	0.965	3.66642e-13
770   	760   	396.927		1.92772424872	0.94	0.966	3.63026e-13		1.93019182007	0.948	0.965	3.65908e-13
770   	760   	398.638		1.92877013967	0.941	0.966	3.62307e-13		1.93120251565	0.948	0.965	3.65183e-13
770   	760   	400.349		1.92980726154	0.941	0.967	3.61598e-13		1.93220507849	0.948	0.966	3.64467e-13
770   	760   	402.061		1.93083577203	0.942	0.967	3.60897e-13		1.93319965216	0.949	0.966	3.63759e-13
770   	760   	403.772		1.93185582572	0.942	0.967	3.60204e-13		1.93418637748	0.949	0.967	3.6306e-13
770   	760   	405.484		1.93286757418	0.943	0.968	3.5952e-13		1.93516539263	0.95	0.967	3.62369e-13
770   	760   	407.195		1.93387116605	0.943	0.968	3.58845e-13		1.93613683318	0.95	0.968	3.61686e-13
770   	760   	408.907		1.93486674706	0.944	0.969	3.58177e-13		1.93710083218	0.951	0.968	3.61012e-13
770   	760   	410.618		1.93585446015	0.944	0.969	3.57517e-13		1.93805752017	0.951	0.968	3.60345e-13
770   	760   	412.329		1.93683444551	0.945	0.969	3.56865e-13		1.93900702529	0.951	0.969	3.59686e-13
770   	760   	414.041		1.93780684065	0.945	0.97	3.56221e-13		1.9399494733	0.952	0.969	3.59034e-13
770   	760   	415.752		1.93877178045	0.945	0.97	3.55584e-13		1.94088498763	0.952	0.97	3.5839e-13
770   	760   	417.464		1.93972939725	0.946	0.971	3.54955e-13		1.94181368947	0.952	0.97	3.57753e-13
770   	760   	419.175		1.94067982087	0.946	0.971	3.54333e-13		1.94273569776	0.953	0.97	3.57123e-13
770   	760   	420.887		1.94162317871	0.947	0.971	3.53718e-13		1.9436511293	0.953	0.971	3.56501e-13
770   	760   	422.598		1.94255959576	0.947	0.972	3.5311e-13		1.94456009875	0.954	0.971	3.55885e-13
770   	760   	424.309		1.94348919469	0.948	0.972	3.52509e-13		1.94546271872	0.954	0.971	3.55276e-13
770   	760   	426.021		1.9444120959	0.948	0.972	3.51914e-13		1.94635909977	0.954	0.972	3.54674e-13
770   	760   	427.732		1.94532841755	0.949	0.973	3.51327e-13		1.94724935049	0.955	0.972	3.54079e-13
770   	760   	429.444		1.94623827561	0.949	0.973	3.50746e-13		1.94813357753	0.955	0.972	3.53489e-13
770   	760   	431.155		1.94714178396	0.949	0.973	3.50171e-13		1.94901188562	0.955	0.973	3.52907e-13
770   	760   	432.867		1.94803905435	0.95	0.974	3.49603e-13		1.94988437767	0.956	0.973	3.52331e-13
770   	760   	434.578		1.94893019654	0.95	0.974	3.49041e-13		1.95075115475	0.956	0.973	3.5176e-13
770   	760   	436.289		1.94981531828	0.951	0.974	3.48485e-13		1.95161231616	0.956	0.974	3.51196e-13
770   	760   	438.001		1.95069452536	0.951	0.975	3.47935e-13		1.95246795944	0.957	0.974	3.50638e-13
770   	760   	439.712		1.95156792171	0.951	0.975	3.47391e-13		1.95331818046	0.957	0.974	3.50086e-13
770   	760   	441.424		1.95243560936	0.952	0.975	3.46853e-13		1.95416307341	0.957	0.975	3.4954e-13
770   	760   	443.135		1.95329768853	0.952	0.975	3.4632e-13		1.95500273085	0.958	0.975	3.48999e-13
770   	760   	444.847		1.95415425768	0.953	0.976	3.45794e-13		1.95583724372	0.958	0.975	3.48464e-13
770   	760   	446.558		1.9550054135	0.953	0.976	3.45272e-13		1.95666670145	0.958	0.976	3.47934e-13
770   	760   	448.269		1.95585125101	0.953	0.976	3.44757e-13		1.95749119189	0.959	0.976	3.4741e-13
770   	760   	449.981		1.95669186353	0.954	0.977	3.44246e-13		1.95831080142	0.959	0.976	3.46892e-13
770   	760   	451.692		1.95752734277	0.954	0.977	3.43741e-13		1.95912561494	0.959	0.976	3.46378e-13
770   	760   	453.404		1.95835777884	0.954	0.977	3.43241e-13		1.95993571593	0.96	0.977	3.4587e-13
770   	760   	455.115		1.95918326029	0.955	0.977	3.42747e-13		1.96074118646	0.96	0.977	3.45367e-13
770   	760   	456.827		1.96000387414	0.955	0.978	3.42257e-13		1.9615421072	0.96	0.977	3.44869e-13
770   	760   	458.538		1.96081970593	0.955	0.978	3.41772e-13		1.9623385575	0.96	0.977	3.44375e-13
770   	760   	460.249		1.9616308397	0.956	0.978	3.41293e-13		1.96313061539	0.961	0.978	3.43887e-13
770   	760   	461.961		1.9624373581	0.956	0.978	3.40818e-13		1.96391835758	0.961	0.978	3.43404e-13
770   	760   	463.672		1.96323934235	0.956	0.979	3.40347e-13		1.96470185955	0.961	0.978	3.42925e-13
770   	760   	465.384		1.96403687231	0.957	0.979	3.39882e-13		1.96548119551	0.962	0.978	3.42451e-13
770   	760   	467.095		1.96483002649	0.957	0.979	3.39421e-13		1.96625643846	0.962	0.979	3.41981e-13
770   	760   	468.807		1.96561888208	0.957	0.979	3.38965e-13		1.96702766021	0.962	0.979	3.41517e-13
770   	760   	470.518		1.966403515 	0.958	0.98	3.38513e-13		1.96779493143	0.962	0.979	3.41056e-13
770   	760   	472.229		1.96718399989	0.958	0.98	3.38065e-13		1.9685583216	0.963	0.979	3.406e-13
770   	760   	473.941		1.96796041016	0.958	0.98	3.37622e-13		1.96931789911	0.963	0.98	3.40148e-13
770   	760   	475.652		1.96873281801	0.959	0.98	3.37183e-13		1.97007373125	0.963	0.98	3.39701e-13
770   	760   	477.364		1.96950129446	0.959	0.981	3.36749e-13		1.97082588423	0.963	0.98	3.39258e-13
770   	760   	479.075		1.97026590935	0.959	0.981	3.36318e-13		1.97157442321	0.964	0.98	3.38819e-13
770   	760   	480.787		1.97102673141	0.96	0.981	3.35892e-13		1.9723194123	0.964	0.98	3.38384e-13
770   	760   	482.498		1.97178382824	0.96	0.981	3.3547e-13		1.97306091461	0.964	0.981	3.37953e-13
770   	760   	484.209		1.97253726634	0.96	0.981	3.35051e-13		1.97379899227	0.964	0.981	3.37526e-13
770   	760   	485.921		1.97328711117	0.96	0.982	3.34637e-13		1.97453370641	0.965	0.981	3.37103e-13
770   	760   	487.632		1.97403342711	0.961	0.982	3.34226e-13		1.97526511723	0.965	0.981	3.36684e-13
770   	760   	489.344		1.97477627753	0.961	0.982	3.33819e-13		1.97599328398	0.965	0.982	3.36268e-13
770   	760   	491.055		1.97551572479	0.961	0.982	3.33416e-13		1.97671826499	0.965	0.982	3.35857e-13
770   	760   	492.767		1.97625183026	0.962	0.982	3.33017e-13		1.97744011771	0.966	0.982	3.35449e-13
770   	760   	494.478		1.97698465436	0.962	0.983	3.32622e-13		1.97815889869	0.966	0.982	3.35045e-13
770   	760   	496.189		1.97771425654	0.962	0.983	3.32229e-13		1.97887466362	0.966	0.982	3.34644e-13
770   	760   	497.901		1.97844069534	0.962	0.983	3.31841e-13		1.97958746734	0.966	0.983	3.34247e-13
770   	760   	499.612		1.97916402837	0.963	0.983	3.31456e-13		1.98029736387	0.967	0.983	3.33854e-13
770   	760   	501.324		1.97988431237	0.963	0.983	3.31075e-13		1.98100440641	0.967	0.983	3.33464e-13
770   	760   	503.035		1.9806016032	0.963	0.984	3.30696e-13		1.98170864734	0.967	0.983	3.33077e-13
770   	760   	504.747		1.98131595584	0.963	0.984	3.30322e-13		1.98241013829	0.967	0.983	3.32694e-13
770   	760   	506.458		1.98202742447	0.964	0.984	3.2995e-13		1.98310893008	0.967	0.983	3.32314e-13
770   	760   	508.17		1.9827360624	0.964	0.984	3.29582e-13		1.98380507282	0.968	0.984	3.31937e-13
770   	760   	509.881		1.98344192217	0.964	0.984	3.29217e-13		1.98449861585	0.968	0.984	3.31564e-13
770   	760   	511.592		1.9841450555	0.965	0.984	3.28856e-13		1.98518960778	0.968	0.984	3.31194e-13
770   	760   	513.304		1.98484551335	0.965	0.985	3.28497e-13		1.98587809653	0.968	0.984	3.30827e-13
770   	760   	515.015		1.98554334591	0.965	0.985	3.28142e-13		1.98656412929	0.969	0.984	3.30463e-13
770   	760   	516.727		1.98623860263	0.965	0.985	3.27789e-13		1.9872477526	0.969	0.984	3.30102e-13
770   	760   	518.438		1.98693133221	0.965	0.985	3.2744e-13		1.98792901229	0.969	0.985	3.29744e-13
770   	760   	520.15		1.98762158264	0.966	0.985	3.27093e-13		1.98860795355	0.969	0.985	3.29389e-13
770   	760   	521.861		1.98830940121	0.966	0.985	3.2675e-13		1.98928462093	0.969	0.985	3.29037e-13
770   	760   	523.572		1.98899483452	0.966	0.985	3.26409e-13		1.98995905832	0.97	0.985	3.28688e-13
770   	760   	525.284		1.98967792847	0.966	0.986	3.26072e-13		1.990631309 	0.97	0.985	3.28342e-13
770   	760   	526.995		1.9903587283	0.967	0.986	3.25737e-13		1.99130141562	0.97	0.985	3.27999e-13
770   	760   	528.707		1.99103727862	0.967	0.986	3.25405e-13		1.99196942026	0.97	0.986	3.27659e-13
770   	760   	530.418		1.99171362338	0.967	0.986	3.25076e-13		1.99263536437	0.97	0.986	3.27321e-13
770   	760   	532.13		1.99238780588	0.967	0.986	3.24749e-13		1.99329928886	0.971	0.986	3.26986e-13
770   	760   	533.841		1.99305986885	0.968	0.986	3.24425e-13		1.99396123403	0.971	0.986	3.26654e-13
770   	760   	535.552		1.99372985437	0.968	0.986	3.24104e-13		1.99462123966	0.971	0.986	3.26325e-13
770   	760   	537.264		1.99439780394	0.968	0.987	3.23785e-13		1.99527934495	0.971	0.986	3.25998e-13
770   	760   	538.975		1.99506375849	0.968	0.987	3.23469e-13		1.99593558857	0.971	0.986	3.25674e-13
770   	760   	540.687		1.99572775835	0.968	0.987	3.23156e-13		1.99659000867	0.971	0.987	3.25352e-13
770   	760   	542.398		1.99638984331	0.969	0.987	3.22845e-13		1.99724264288	0.972	0.987	3.25033e-13
770   	760   	544.11		1.9970500526	0.969	0.987	3.22537e-13		1.9978935283	0.972	0.987	3.24717e-13
770   	760   	545.821		1.99770842491	0.969	0.987	3.22231e-13		1.99854270156	0.972	0.987	3.24403e-13
770   	760   	547.532		1.99836499838	0.969	0.987	3.21927e-13		1.99919019877	0.972	0.987	3.24091e-13
770   	760   	549.244		1.99901981066	0.969	0.988	3.21626e-13		1.99983605557	0.972	0.987	3.23782e-13
770   	760   	550.955		1.99967289885	0.97	0.988	3.21327e-13		2.00048030712	0.973	0.987	3.23475e-13
770   	760   	552.667		2.00032429959	0.97	0.988	3.21031e-13		2.00112298813	0.973	0.987	3.23171e-13
770   	760   	554.378		2.00097404898	0.97	0.988	3.20737e-13		2.00176413282	0.973	0.988	3.22868e-13
770   	760   	556.09		2.00162218266	0.97	0.988	3.20445e-13		2.002403775 	0.973	0.988	3.22569e-13
770   	760   	557.801		2.0022687358	0.97	0.988	3.20156e-13		2.003041948 	0.973	0.988	3.22271e-13
770   	760   	559.512		2.00291374307	0.971	0.988	3.19869e-13		2.00367868475	0.973	0.988	3.21976e-13
770   	760   	561.224		2.00355723872	0.971	0.988	3.19583e-13		2.00431401773	0.974	0.988	3.21683e-13
770   	760   	562.935		2.00419925651	0.971	0.989	3.19301e-13		2.00494797901	0.974	0.988	3.21392e-13
770   	760   	564.647		2.00483982979	0.971	0.989	3.1902e-13		2.00558060025	0.974	0.988	3.21104e-13
770   	760   	566.358		2.00547899146	0.971	0.989	3.18741e-13		2.0062119127	0.974	0.988	3.20817e-13
770   	760   	568.07		2.00611677397	0.972	0.989	3.18465e-13		2.00684194721	0.974	0.989	3.20533e-13
770   	760   	569.781		2.0067532094	0.972	0.989	3.18191e-13		2.00747073426	0.974	0.989	3.20251e-13
770   	760   	571.492		2.00738832937	0.972	0.989	3.17918e-13		2.00809830393	0.974	0.989	3.1997e-13
770   	760   	573.204		2.00802216511	0.972	0.989	3.17648e-13		2.00872468592	0.975	0.989	3.19692e-13
770   	760   	574.915		2.00865474747	0.972	0.989	3.1738e-13		2.00934990957	0.975	0.989	3.19416e-13
770   	760   	576.627		2.00928610688	0.972	0.989	3.17114e-13		2.00997400385	0.975	0.989	3.19142e-13
770   	760   	578.338		2.0099162734	0.973	0.989	3.16849e-13		2.01059699738	0.975	0.989	3.1887e-13
770   	760   	580.05		2.01054527672	0.973	0.99	3.16587e-13		2.01121891841	0.975	0.989	3.186e-13
770   	760   	581.761		2.01117314614	0.973	0.99	3.16327e-13		2.01183979487	0.975	0.989	3.18332e-13
770   	760   	583.472		2.01179991061	0.973	0.99	3.16068e-13		2.01245965434	0.976	0.989	3.18066e-13
770   	760   	585.184		2.01242559871	0.973	0.99	3.15811e-13		2.01307852407	0.976	0.99	3.17802e-13
770   	760   	586.895		2.01305023868	0.973	0.99	3.15557e-13		2.01369643096	0.976	0.99	3.17539e-13
770   	760   	588.607		2.0136738584	0.974	0.99	3.15304e-13		2.01431340161	0.976	0.99	3.17279e-13
770   	760   	590.318		2.01429648544	0.974	0.99	3.15053e-13		2.01492946231	0.976	0.99	3.1702e-13
770   	760   	592.03		2.01491814699	0.974	0.99	3.14803e-13		2.01554463902	0.976	0.99	3.16763e-13
770   	760   	593.741		2.01553886995	0.974	0.99	3.14556e-13		2.0161589574	0.976	0.99	3.16508e-13
770   	760   	595.452		2.01615868088	0.974	0.99	3.1431e-13		2.01677244281	0.977	0.99	3.16255e-13
770   	760   	597.164		2.01677760602	0.974	0.991	3.14066e-13		2.01738512032	0.977	0.99	3.16004e-13
770   	760   	598.875		2.01739567132	0.975	0.991	3.13824e-13		2.0179970147	0.977	0.99	3.15754e-13
770   	760   	600.587		2.01801290239	0.975	0.991	3.13583e-13		2.01860815043	0.977	0.99	3.15506e-13
770   	760   	602.298		2.01862932458	0.975	0.991	3.13344e-13		2.01921855174	0.977	0.991	3.15259e-13
770   	760   	604.01		2.0192449629	0.975	0.991	3.13107e-13		2.01982824254	0.977	0.991	3.15015e-13
770   	760   	605.721		2.01985984209	0.975	0.991	3.12871e-13		2.0204372465	0.977	0.991	3.14772e-13
770   	760   	607.432		2.02047398663	0.975	0.991	3.12637e-13		2.02104558701	0.977	0.991	3.14531e-13
770   	760   	609.144		2.02108742066	0.975	0.991	3.12405e-13		2.0216532872	0.978	0.991	3.14291e-13
770   	760   	610.855		2.02170016811	0.976	0.991	3.12174e-13		2.02226036994	0.978	0.991	3.14053e-13
770   	760   	612.567		2.02231225258	0.976	0.991	3.11945e-13		2.02286685784	0.978	0.991	3.13816e-13
770   	760   	614.278		2.02292369744	0.976	0.991	3.11717e-13		2.02347277329	0.978	0.991	3.13582e-13
770   	760   	615.99		2.02353452578	0.976	0.991	3.11491e-13		2.02407813839	0.978	0.991	3.13348e-13
770   	760   	617.701		2.02414476044	0.976	0.992	3.11267e-13		2.02468297504	0.978	0.991	3.13116e-13
770   	760   	619.412		2.02475442401	0.976	0.992	3.11044e-13		2.02528730487	0.978	0.991	3.12886e-13
770   	760   	621.124		2.02536353883	0.976	0.992	3.10822e-13		2.02589114929	0.978	0.991	3.12658e-13
770   	760   	622.835		2.02597212697	0.977	0.992	3.10602e-13		2.0264945295	0.979	0.992	3.1243e-13
770   	760   	624.547		2.02658021029	0.977	0.992	3.10384e-13		2.02709746643	0.979	0.992	3.12205e-13
770   	760   	626.258		2.0271878104	0.977	0.992	3.10167e-13		2.02769998083	0.979	0.992	3.11981e-13
770   	760   	627.97		2.02779494868	0.977	0.992	3.09951e-13		2.02830209322	0.979	0.992	3.11758e-13
770   	760   	629.681		2.02840164627	0.977	0.992	3.09737e-13		2.02890382388	0.979	0.992	3.11537e-13
770   	760   	631.392		2.02900792411	0.977	0.992	3.09524e-13		2.02950519292	0.979	0.992	3.11317e-13
770   	760   	633.104		2.02961380289	0.977	0.992	3.09312e-13		2.03010622021	0.979	0.992	3.11098e-13
770   	760   	634.815		2.03021930309	0.978	0.992	3.09102e-13		2.03070692543	0.979	0.992	3.10881e-13
770   	760   	636.527		2.03082444499	0.978	0.992	3.08893e-13		2.03130732806	0.98	0.992	3.10666e-13
770   	760   	638.238		2.03142924864	0.978	0.992	3.08686e-13		2.03190744737	0.98	0.992	3.10451e-13
770   	760   	639.95		2.0320337339	0.978	0.992	3.0848e-13		2.03250730245	0.98	0.992	3.10238e-13
770   	760   	641.661		2.03263792041	0.978	0.993	3.08275e-13		2.0331069122	0.98	0.992	3.10027e-13
770   	760   	643.372		2.03324182763	0.978	0.993	3.08072e-13		2.03370629532	0.98	0.992	3.09817e-13
770   	760   	645.084		2.03384547479	0.978	0.993	3.0787e-13		2.03430547032	0.98	0.992	3.09608e-13
770   	760   	646.795		2.03444888096	0.978	0.993	3.07669e-13		2.03490445556	0.98	0.993	3.094e-13
770   	760   	648.507		2.035052065 	0.979	0.993	3.0747e-13		2.03550326918	0.98	0.993	3.09194e-13
770   	760   	650.218		2.03565504559	0.979	0.993	3.07271e-13		2.03610192918	0.98	0.993	3.08989e-13
770   	760   	651.93		2.03625784123	0.979	0.993	3.07074e-13		2.03670045336	0.981	0.993	3.08785e-13
770   	760   	653.641		2.03686047022	0.979	0.993	3.06879e-13		2.03729885936	0.981	0.993	3.08583e-13
770   	760   	655.352		2.0374629507	0.979	0.993	3.06684e-13		2.03789716466	0.981	0.993	3.08381e-13
770   	760   	657.064		2.03806530063	0.979	0.993	3.06491e-13		2.03849538657	0.981	0.993	3.08181e-13
770   	760   	658.775		2.0386675378	0.979	0.993	3.06299e-13		2.03909354223	0.981	0.993	3.07983e-13
770   	760   	660.487		2.03926967981	0.979	0.993	3.06108e-13		2.03969164862	0.981	0.993	3.07785e-13
770   	760   	662.198		2.03987174413	0.979	0.993	3.05918e-13		2.04028972258	0.981	0.993	3.07589e-13
770   	760   	663.91		2.04047374803	0.98	0.993	3.05729e-13		2.04088778078	0.981	0.993	3.07394e-13
770   	760   	665.621		2.04107570864	0.98	0.993	3.05542e-13		2.04148583975	0.981	0.993	3.072e-13
770   	760   	667.333		2.04167764293	0.98	0.993	3.05355e-13		2.04208391587	0.981	0.993	3.07007e-13
770   	760   	669.044		2.04227956769	0.98	0.994	3.0517e-13		2.04268202535	0.982	0.993	3.06815e-13
770   	760   	670.755		2.0428814996	0.98	0.994	3.04986e-13		2.04328018428	0.982	0.993	3.06625e-13
770   	760   	672.467		2.04348345515	0.98	0.994	3.04803e-13		2.04387840862	0.982	0.993	3.06435e-13
770   	760   	674.178		2.0440854507	0.98	0.994	3.04622e-13		2.04447671414	0.982	0.994	3.06247e-13
770   	760   	675.89		2.04468750245	0.98	0.994	3.04441e-13		2.04507511653	0.982	0.994	3.0606e-13
770   	760   	677.601		2.04528962648	0.98	0.994	3.04261e-13		2.04567363131	0.982	0.994	3.05874e-13
770   	760   	679.313		2.0458918387	0.981	0.994	3.04083e-13		2.04627227387	0.982	0.994	3.05689e-13
770   	760   	681.024		2.04649415491	0.981	0.994	3.03905e-13		2.04687105949	0.982	0.994	3.05505e-13
770   	760   	682.735		2.04709659075	0.981	0.994	3.03729e-13		2.04747000329	0.982	0.994	3.05322e-13
770   	760   	684.447		2.04769916174	0.981	0.994	3.03553e-13		2.04806912029	0.982	0.994	3.0514e-13
770   	760   	686.158		2.04830188325	0.981	0.994	3.03379e-13		2.04866842537	0.982	0.994	3.0496e-13
770   	760   	687.87		2.04890477054	0.981	0.994	3.03205e-13		2.0492679333	0.983	0.994	3.0478e-13
770   	760   	689.581		2.04950783873	0.981	0.994	3.03033e-13		2.04986765871	0.983	0.994	3.04602e-13
770   	760   	691.293		2.05011110282	0.981	0.994	3.02862e-13		2.05046761614	0.983	0.994	3.04424e-13
770   	760   	693.004		2.05071457769	0.981	0.994	3.02691e-13		2.05106781999	0.983	0.994	3.04248e-13
770   	760   	694.715		2.05131827808	0.982	0.994	3.02522e-13		2.05166828456	0.983	0.994	3.04072e-13
770   	760   	696.427		2.05192221863	0.982	0.994	3.02354e-13		2.05226902401	0.983	0.994	3.03897e-13
770   	760   	698.138		2.05252641385	0.982	0.994	3.02186e-13		2.05287005243	0.983	0.994	3.03724e-13
770   	760   	699.85		2.05313087814	0.982	0.994	3.0202e-13		2.05347138377	0.983	0.994	3.03551e-13
770   	760   	701.561		2.0537356258	0.982	0.995	3.01854e-13		2.05407303189	0.983	0.994	3.0338e-13
770   	760   	703.273		2.05434067098	0.982	0.995	3.0169e-13		2.05467501054	0.983	0.994	3.03209e-13
770   	760   	704.984		2.05494602775	0.982	0.995	3.01526e-13		2.05527733335	0.983	0.994	3.0304e-13
770   	760   	706.695		2.05555171008	0.982	0.995	3.01363e-13		2.05588001387	0.984	0.994	3.02871e-13
770   	760   	708.407		2.0561577318	0.982	0.995	3.01201e-13		2.05648306554	0.984	0.995	3.02703e-13
770   	760   	710.118		2.05676410666	0.982	0.995	3.01041e-13		2.0570865017	0.984	0.995	3.02536e-13
770   	760   	711.83		2.0573708483	0.982	0.995	3.00881e-13		2.05769033561	0.984	0.995	3.0237e-13
770   	760   	713.541		2.05797797026	0.983	0.995	3.00722e-13		2.05829458041	0.984	0.995	3.02205e-13
770   	760   	715.253		2.05858548599	0.983	0.995	3.00563e-13		2.05889924915	0.984	0.995	3.02041e-13
770   	760   	716.964		2.05919340881	0.983	0.995	3.00406e-13		2.05950435481	0.984	0.995	3.01878e-13
770   	760   	718.675		2.05980175198	0.983	0.995	3.0025e-13		2.06010991026	0.984	0.995	3.01716e-13
770   	760   	720.387		2.06041052865	0.983	0.995	3.00094e-13		2.06071592828	0.984	0.995	3.01554e-13
770   	760   	722.098		2.06101975188	0.983	0.995	2.99939e-13		2.06132242156	0.984	0.995	3.01394e-13
770   	760   	723.81		2.06162943463	0.983	0.995	2.99785e-13		2.06192940273	0.984	0.995	3.01234e-13
770   	760   	725.521		2.06223958978	0.983	0.995	2.99632e-13		2.0625368843	0.984	0.995	3.01075e-13
770   	760   	727.233		2.06285023012	0.983	0.995	2.9948e-13		2.06314487872	0.985	0.995	3.00917e-13
770   	760   	728.944		2.06346136835	0.983	0.995	2.99329e-13		2.06375339836	0.985	0.995	3.0076e-13
770   	760   	730.655		2.06407301708	0.983	0.995	2.99178e-13		2.06436245549	0.985	0.995	3.00604e-13
770   	760   	732.367		2.06468518886	0.984	0.995	2.99029e-13		2.06497206231	0.985	0.995	3.00449e-13
770   	760   	734.078		2.06529789613	0.984	0.995	2.9888e-13		2.06558223095	0.985	0.995	3.00294e-13
770   	760   	735.79		2.06591115125	0.984	0.995	2.98732e-13		2.06619297346	0.985	0.995	3.0014e-13
770   	760   	737.501		2.06652496653	0.984	0.995	2.98584e-13		2.06680430181	0.985	0.995	2.99987e-13
770   	760   	739.213		2.06713935416	0.984	0.995	2.98438e-13		2.06741622789	0.985	0.995	2.99835e-13
770   	760   	740.924		2.06775432628	0.984	0.995	2.98292e-13		2.06802876355	0.985	0.995	2.99684e-13
770   	760   	742.635		2.06836989496	0.984	0.996	2.98147e-13		2.06864192052	0.985	0.995	2.99533e-13
770   	760   	744.347		2.06898607218	0.984	0.996	2.98003e-13		2.06925571051	0.985	0.995	2.99383e-13
770   	760   	746.058		2.06960286984	0.984	0.996	2.97859e-13		2.06987014512	0.985	0.995	2.99234e-13
770   	760   	747.77		2.07022029979	0.984	0.996	2.97717e-13		2.0704852359	0.985	0.995	2.99086e-13
770   	760   	749.481		2.07083837379	0.984	0.996	2.97575e-13		2.07110099434	0.985	0.996	2.98939e-13
