Effective Refractive Indices:
rel_box_size:     0.001
rel_grid_spacing: 20
rel_tolerance:    0
eigenvectors:     4
boundary cond:    0000
Wavelengths from 0.4 um to 4.5 um in 170 steps
Heights from 0.77 um to 0.77 um in 1 steps
Widths from 0.76 um to 0.76 um in 1 steps
height	width	frequency	Ex_n_eff		Ex_frac	Ex_core	Ex_A_eff		Ey_n_eff		Ey_frac	Ey_core	Ey_A_eff
770   	760   	66.6205		1.32563853378	0.982	0.0078	2.64112e-09		1.32124978658	0.955	0.0059	7.1143e-09
770   	760   	70.6611		1.34239974407	0.984	0.00868	2.149e-09		1.33840778013	0.96	0.00617	6.31633e-09
770   	760   	74.7017		1.35604333439	0.985	0.00994	1.6522e-09		1.35232042721	0.963	0.00661	5.32715e-09
770   	760   	78.7423		1.36739143766	0.985	0.0118	1.19294e-09		1.36381521332	0.967	0.00728	4.26159e-09
770   	760   	82.7829		1.37703233217	0.985	0.0144	8.01628e-10		1.37347293018	0.969	0.00826	3.22029e-09
770   	760   	86.8235		1.38541716694	0.984	0.0185	4.9547e-10		1.38171814618	0.971	0.00968	2.2826e-09
770   	760   	90.8641		1.39292950073	0.982	0.0249	2.78005e-10		1.38887630304	0.972	0.0118	1.50211e-09
770   	760   	94.9047		1.39995010975	0.978	0.0355	1.40318e-10		1.39521442594	0.972	0.0151	9.04801e-10
770   	760   	98.9453		1.4069321058	0.97	0.0534	6.43573e-11		1.4009773652	0.971	0.0204	4.89982e-10
770   	760   	102.986		1.41446880248	0.958	0.0824	2.84224e-11		1.40643240625	0.967	0.0294	2.34138e-10
770   	760   	107.026		1.42322893076	0.941	0.123	1.35441e-11		1.41194024188	0.96	0.0455	9.81673e-11
770   	760   	111.067		1.43362744041	0.923	0.17	7.63559e-12		1.41805989446	0.945	0.0742	3.78068e-11
770   	760   	115.108		1.44558395212	0.906	0.216	5.06974e-12		1.42557199235	0.922	0.119	1.54018e-11
770   	760   	119.148		1.45873271484	0.893	0.258	3.76268e-12		1.4351022914	0.895	0.173	7.74184e-12
770   	760   	123.189		1.47269696264	0.882	0.298	2.99218e-12		1.44662718033	0.872	0.225	4.84675e-12
770   	760   	127.229		1.48717468544	0.874	0.334	2.48756e-12		1.45968191808	0.855	0.272	3.49931e-12
770   	760   	131.27		1.50193381527	0.867	0.369	2.13238e-12		1.47378217256	0.842	0.315	2.74491e-12
770   	760   	135.311		1.5167949602	0.862	0.402	1.86936e-12		1.48854723365	0.832	0.354	2.26617e-12
770   	760   	139.351		1.53161844108	0.858	0.432	1.66719e-12		1.50368734393	0.825	0.391	1.93639e-12
770   	760   	143.392		1.54629556139	0.855	0.462	1.50727e-12		1.51897968914	0.82	0.425	1.69601e-12
770   	760   	147.432		1.56074244012	0.853	0.49	1.37787e-12		1.53425214988	0.817	0.457	1.51345e-12
770   	760   	151.473		1.57489535133	0.852	0.516	1.2712e-12		1.54937252158	0.815	0.488	1.37037e-12
770   	760   	155.514		1.58870701923	0.852	0.541	1.1819e-12		1.56424066389	0.814	0.516	1.25539e-12
770   	760   	159.554		1.60214358302	0.852	0.564	1.10615e-12		1.57878233574	0.815	0.542	1.16112e-12
770   	760   	163.595		1.61518207399	0.852	0.586	1.04116e-12		1.59294416143	0.816	0.567	1.0825e-12
770   	760   	167.635		1.62780830787	0.853	0.607	9.84862e-13		1.60668946338	0.817	0.591	1.01599e-12
770   	760   	171.676		1.64001512534	0.855	0.627	9.35661e-13		1.61999481018	0.819	0.613	9.59036e-13
770   	760   	175.717		1.6518009284	0.856	0.646	8.92332e-13		1.63284717245	0.822	0.633	9.09749e-13
770   	760   	179.757		1.66316846905	0.858	0.663	8.53911e-13		1.64524159702	0.825	0.652	8.66697e-13
770   	760   	183.798		1.6741238527	0.86	0.68	8.19631e-13		1.65717932028	0.828	0.67	8.28783e-13
770   	760   	187.838		1.68467572316	0.862	0.696	7.88873e-13		1.66866624971	0.831	0.687	7.9515e-13
770   	760   	191.879		1.69483460035	0.865	0.71	7.61135e-13		1.67971175081	0.835	0.703	7.65121e-13
770   	760   	195.92		1.7046123457	0.867	0.724	7.36004e-13		1.69032768495	0.838	0.718	7.38152e-13
770   	760   	199.96		1.71402173331	0.87	0.737	7.13136e-13		1.70052765153	0.842	0.732	7.13804e-13
770   	760   	204.001		1.72307610875	0.872	0.75	6.92247e-13		1.71032639542	0.845	0.745	6.91717e-13
770   	760   	208.041		1.73178911945	0.875	0.761	6.73096e-13		1.7197393471	0.849	0.758	6.71592e-13
770   	760   	212.082		1.74017450395	0.877	0.772	6.55479e-13		1.72878226894	0.853	0.769	6.53182e-13
770   	760   	216.123		1.74824592867	0.88	0.782	6.39223e-13		1.73747098588	0.856	0.78	6.3628e-13
770   	760   	220.163		1.75601686344	0.882	0.792	6.24178e-13		1.74582118288	0.86	0.79	6.20708e-13
770   	760   	224.204		1.76350048806	0.885	0.801	6.10218e-13		1.75384825513	0.863	0.8	6.06318e-13
770   	760   	228.244		1.7707096239	0.887	0.81	5.97231e-13		1.76156719961	0.866	0.809	5.92981e-13
770   	760   	232.285		1.77765668536	0.89	0.818	5.8512e-13		1.76899253897	0.87	0.818	5.80586e-13
770   	760   	236.326		1.78435364729	0.892	0.826	5.73802e-13		1.77613827063	0.873	0.826	5.69039e-13
770   	760   	240.366		1.79081202476	0.895	0.834	5.63201e-13		1.78301783525	0.876	0.833	5.58256e-13
770   	760   	244.407		1.79704286274	0.897	0.84	5.53254e-13		1.78964410019	0.879	0.841	5.48164e-13
770   	760   	248.447		1.80305673332	0.899	0.847	5.43902e-13		1.7960293543	0.882	0.847	5.38699e-13
770   	760   	252.488		1.80886373885	0.901	0.853	5.35094e-13		1.80218531123	0.885	0.854	5.29806e-13
770   	760   	256.529		1.81447351942	0.904	0.859	5.26785e-13		1.80812311917	0.888	0.86	5.21434e-13
770   	760   	260.569		1.81989526376	0.906	0.865	5.18934e-13		1.81385337512	0.891	0.866	5.1354e-13
770   	760   	264.61		1.82513772242	0.908	0.87	5.11505e-13		1.81938614239	0.893	0.871	5.06083e-13
770   	760   	268.65		1.83020922274	0.91	0.875	5.04465e-13		1.82473097041	0.896	0.876	4.9903e-13
770   	760   	272.691		1.83511768483	0.912	0.88	4.97784e-13		1.82989691581	0.899	0.881	4.92347e-13
770   	760   	276.731		1.83987063831	0.914	0.885	4.91437e-13		1.83489256433	0.901	0.886	4.86008e-13
770   	760   	280.772		1.84447523934	0.916	0.889	4.85398e-13		1.83972605299	0.903	0.89	4.79986e-13
770   	760   	284.813		1.84893828761	0.917	0.893	4.79647e-13		1.84440509222	0.906	0.895	4.74258e-13
770   	760   	288.853		1.85326624333	0.919	0.897	4.74163e-13		1.84893698759	0.908	0.899	4.68803e-13
770   	760   	292.894		1.85746524375	0.921	0.901	4.68928e-13		1.85332866103	0.91	0.902	4.63604e-13
770   	760   	296.934		1.86154111938	0.923	0.905	4.63927e-13		1.85758667141	0.912	0.906	4.58641e-13
770   	760   	300.975		1.86549940959	0.924	0.908	4.59143e-13		1.86171723429	0.914	0.909	4.53899e-13
770   	760   	305.016		1.86934537772	0.926	0.911	4.54563e-13		1.86572624089	0.916	0.913	4.49365e-13
770   	760   	309.056		1.87308402551	0.927	0.914	4.50174e-13		1.86961927612	0.918	0.916	4.45024e-13
770   	760   	313.097		1.87672010699	0.929	0.917	4.45965e-13		1.87340163584	0.92	0.919	4.40865e-13
770   	760   	317.137		1.88025814167	0.93	0.92	4.41925e-13		1.87707834316	0.922	0.922	4.36877e-13
770   	760   	321.178		1.88370242708	0.932	0.923	4.38044e-13		1.88065416389	0.923	0.924	4.33048e-13
770   	760   	325.219		1.88705705077	0.933	0.926	4.34312e-13		1.88413362115	0.925	0.927	4.29371e-13
770   	760   	329.259		1.89032590157	0.934	0.928	4.30722e-13		1.88752100919	0.927	0.929	4.25836e-13
770   	760   	333.3 		1.89351268038	0.936	0.93	4.27265e-13		1.89082040639	0.928	0.932	4.22435e-13
770   	760   	337.34		1.89662091029	0.937	0.933	4.23935e-13		1.89403568751	0.93	0.934	4.1916e-13
770   	760   	341.381		1.89965394623	0.938	0.935	4.20724e-13		1.89717053522	0.931	0.936	4.16006e-13
770   	760   	345.422		1.90261498396	0.939	0.937	4.17626e-13		1.900228451 	0.933	0.938	4.12964e-13
770   	760   	349.462		1.90550706874	0.941	0.939	4.14636e-13		1.9032127653	0.934	0.94	4.1003e-13
770   	760   	353.503		1.90833310332	0.942	0.941	4.11747e-13		1.90612664717	0.936	0.942	4.07197e-13
770   	760   	357.543		1.91109585565	0.943	0.943	4.08955e-13		1.90897311329	0.937	0.944	4.04461e-13
770   	760   	361.584		1.91379796601	0.944	0.945	4.06254e-13		1.91175503641	0.938	0.946	4.01817e-13
770   	760   	365.625		1.91644195384	0.945	0.946	4.03641e-13		1.91447515339	0.94	0.948	3.99259e-13
770   	760   	369.665		1.91903022413	0.946	0.948	4.01112e-13		1.91713607261	0.941	0.949	3.96785e-13
770   	760   	373.706		1.92156507343	0.947	0.95	3.98662e-13		1.91974028108	0.942	0.951	3.94389e-13
770   	760   	377.746		1.92404869558	0.948	0.951	3.96287e-13		1.922290151 	0.943	0.952	3.92069e-13
770   	760   	381.787		1.92648318702	0.949	0.953	3.93985e-13		1.92478794601	0.944	0.954	3.8982e-13
770   	760   	385.828		1.9288705519	0.95	0.954	3.91751e-13		1.92723582703	0.945	0.955	3.8764e-13
770   	760   	389.868		1.93121270681	0.951	0.955	3.89583e-13		1.92963585775	0.946	0.956	3.85525e-13
770   	760   	393.909		1.93351148529	0.952	0.957	3.87479e-13		1.93199000982	0.947	0.958	3.83472e-13
770   	760   	397.949		1.9357686421	0.953	0.958	3.85434e-13		1.93430016768	0.948	0.959	3.81479e-13
770   	760   	401.99		1.93798585716	0.953	0.959	3.83448e-13		1.93656813316	0.949	0.96	3.79543e-13
770   	760   	406.031		1.94016473939	0.954	0.96	3.81516e-13		1.93879562981	0.95	0.961	3.77662e-13
770   	760   	410.071		1.94230683025	0.955	0.961	3.79638e-13		1.94098430689	0.951	0.962	3.75833e-13
770   	760   	414.112		1.9444136071	0.956	0.962	3.7781e-13		1.94313574327	0.952	0.964	3.74054e-13
770   	760   	418.152		1.94648648638	0.957	0.963	3.76031e-13		1.94525145097	0.953	0.965	3.72323e-13
770   	760   	422.193		1.94852682662	0.957	0.964	3.74299e-13		1.94733287858	0.954	0.966	3.70639e-13
770   	760   	426.234		1.95053593129	0.958	0.965	3.72612e-13		1.94938141446	0.955	0.966	3.68999e-13
770   	760   	430.274		1.95251505144	0.959	0.966	3.70968e-13		1.95139838973	0.956	0.967	3.67401e-13
770   	760   	434.315		1.95446538828	0.96	0.967	3.69366e-13		1.95338508117	0.956	0.968	3.65845e-13
770   	760   	438.355		1.95638809554	0.96	0.968	3.67804e-13		1.95534271384	0.957	0.969	3.64327e-13
770   	760   	442.396		1.95828428178	0.961	0.969	3.6628e-13		1.95727246366	0.958	0.97	3.62848e-13
770   	760   	446.437		1.96015501248	0.961	0.97	3.64793e-13		1.9591754598	0.959	0.971	3.61405e-13
770   	760   	450.477		1.96200131214	0.962	0.971	3.63342e-13		1.96105278693	0.959	0.972	3.59997e-13
770   	760   	454.518		1.96382416612	0.963	0.971	3.61925e-13		1.96290548736	0.96	0.972	3.58623e-13
770   	760   	458.558		1.96562452254	0.963	0.972	3.60542e-13		1.96473456308	0.961	0.973	3.57282e-13
770   	760   	462.599		1.96740329396	0.964	0.973	3.5919e-13		1.96654097765	0.961	0.974	3.55972e-13
770   	760   	466.639		1.96916135904	0.964	0.974	3.5787e-13		1.96832565804	0.962	0.974	3.54692e-13
770   	760   	470.68		1.97089956405	0.965	0.974	3.56579e-13		1.97008949629	0.963	0.975	3.53441e-13
770   	760   	474.721		1.9726187244	0.966	0.975	3.55317e-13		1.9718333512	0.963	0.976	3.52219e-13
770   	760   	478.761		1.974319626 	0.966	0.976	3.54083e-13		1.97355804982	0.964	0.976	3.51024e-13
770   	760   	482.802		1.97600302658	0.967	0.976	3.52876e-13		1.97526438892	0.964	0.977	3.49856e-13
770   	760   	486.842		1.97766965696	0.967	0.977	3.51695e-13		1.97695313637	0.965	0.978	3.48713e-13
770   	760   	490.883		1.97932022225	0.968	0.977	3.50539e-13		1.97862503247	0.966	0.978	3.47594e-13
770   	760   	494.924		1.98095540296	0.968	0.978	3.49408e-13		1.98028079114	0.966	0.979	3.465e-13
770   	760   	498.964		1.9825758561	0.969	0.978	3.483e-13		1.98192110115	0.967	0.979	3.45428e-13
770   	760   	503.005		1.98418221621	0.969	0.979	3.47215e-13		1.98354662722	0.967	0.98	3.44379e-13
770   	760   	507.045		1.9857750963	0.97	0.979	3.46152e-13		1.98515801108	0.968	0.98	3.43351e-13
770   	760   	511.086		1.98735508881	0.97	0.98	3.45111e-13		1.98675587248	0.968	0.981	3.42345e-13
770   	760   	515.127		1.98892276649	0.97	0.98	3.4409e-13		1.98834081016	0.969	0.981	3.41358e-13
770   	760   	519.167		1.99047868322	0.971	0.981	3.4309e-13		1.98991340274	0.969	0.982	3.40392e-13
770   	760   	523.208		1.99202337481	0.971	0.981	3.42109e-13		1.99147420962	0.97	0.982	3.39444e-13
770   	760   	527.248		1.99355735979	0.972	0.982	3.41147e-13		1.99302377178	0.97	0.982	3.38515e-13
770   	760   	531.289		1.99508114009	0.972	0.982	3.40203e-13		1.99456261255	0.971	0.983	3.37604e-13
770   	760   	535.33		1.99659520179	0.973	0.983	3.39277e-13		1.99609123842	0.971	0.983	3.3671e-13
770   	760   	539.37		1.99810001572	0.973	0.983	3.38369e-13		1.99761013968	0.971	0.984	3.35833e-13
770   	760   	543.411		1.99959603812	0.973	0.983	3.37477e-13		1.99911979115	0.972	0.984	3.34973e-13
770   	760   	547.451		2.00108371124	0.974	0.984	3.36602e-13		2.0006206528	0.972	0.984	3.34128e-13
770   	760   	551.492		2.0025634639	0.974	0.984	3.35743e-13		2.00211317035	0.973	0.985	3.33299e-13
770   	760   	555.533		2.00403571204	0.974	0.984	3.34899e-13		2.00359777593	0.973	0.985	3.32485e-13
770   	760   	559.573		2.00550085925	0.975	0.985	3.34071e-13		2.00507488854	0.974	0.985	3.31686e-13
770   	760   	563.614		2.00695929725	0.975	0.985	3.33257e-13		2.00654491468	0.974	0.986	3.30901e-13
770   	760   	567.654		2.00841140639	0.975	0.985	3.32457e-13		2.00800824878	0.974	0.986	3.3013e-13
770   	760   	571.695		2.00985755607	0.976	0.986	3.31671e-13		2.00946527374	0.975	0.986	3.29372e-13
770   	760   	575.736		2.01129810522	0.976	0.986	3.30898e-13		2.01091636139	0.975	0.987	3.28628e-13
770   	760   	579.776		2.01273340269	0.976	0.986	3.30139e-13		2.0123618729	0.975	0.987	3.27896e-13
770   	760   	583.817		2.01416378762	0.977	0.987	3.29392e-13		2.01380215926	0.976	0.987	3.27176e-13
770   	760   	587.857		2.01558958988	0.977	0.987	3.28658e-13		2.01523756162	0.976	0.988	3.26469e-13
770   	760   	591.898		2.0170111304	0.977	0.987	3.27936e-13		2.01666841175	0.976	0.988	3.25773e-13
770   	760   	595.939		2.0184287215	0.978	0.988	3.27226e-13		2.01809503236	0.977	0.988	3.25089e-13
770   	760   	599.979		2.01984266728	0.978	0.988	3.26528e-13		2.01951773746	0.977	0.988	3.24416e-13
770   	760   	604.02		2.02125326387	0.978	0.988	3.2584e-13		2.02093683274	0.977	0.989	3.23754e-13
770   	760   	608.06		2.02266079981	0.979	0.988	3.25164e-13		2.02235261585	0.978	0.989	3.23103e-13
770   	760   	612.101		2.02406555628	0.979	0.989	3.24498e-13		2.02376537674	0.978	0.989	3.22462e-13
770   	760   	616.142		2.02546780741	0.979	0.989	3.23843e-13		2.02517539795	0.978	0.989	3.21831e-13
770   	760   	620.182		2.02686782056	0.979	0.989	3.23198e-13		2.0265829549	0.979	0.99	3.2121e-13
770   	760   	624.223		2.02826585656	0.98	0.989	3.22563e-13		2.02798831615	0.979	0.99	3.20599e-13
770   	760   	628.263		2.02966216997	0.98	0.99	3.21937e-13		2.02939174371	0.979	0.99	3.19997e-13
770   	760   	632.304		2.03105700931	0.98	0.99	3.21321e-13		2.03079349322	0.979	0.99	3.19404e-13
770   	760   	636.344		2.03245061731	0.98	0.99	3.20714e-13		2.03219381425	0.98	0.99	3.1882e-13
770   	760   	640.385		2.03384323109	0.981	0.99	3.20116e-13		2.03359295053	0.98	0.991	3.18245e-13
770   	760   	644.426		2.03523508241	0.981	0.99	3.19528e-13		2.03499114013	0.98	0.991	3.17678e-13
770   	760   	648.466		2.03662639786	0.981	0.991	3.18947e-13		2.03638861572	0.98	0.991	3.1712e-13
770   	760   	652.507		2.03801739906	0.981	0.991	3.18375e-13		2.03778560477	0.981	0.991	3.1657e-13
770   	760   	656.547		2.03940830283	0.982	0.991	3.17812e-13		2.03918232973	0.981	0.991	3.16028e-13
770   	760   	660.588		2.04079932139	0.982	0.991	3.17256e-13		2.04057900823	0.981	0.991	3.15493e-13
770   	760   	664.629		2.04219066254	0.982	0.991	3.16708e-13		2.04197585325	0.981	0.992	3.14966e-13
770   	760   	668.669		2.0435825298	0.982	0.991	3.16168e-13		2.04337307333	0.982	0.992	3.14447e-13
770   	760   	672.71		2.04497512259	0.982	0.992	3.15636e-13		2.04477087271	0.982	0.992	3.13935e-13
770   	760   	676.75		2.04636863639	0.983	0.992	3.15111e-13		2.0461694515	0.982	0.992	3.1343e-13
770   	760   	680.791		2.04776326287	0.983	0.992	3.14593e-13		2.04756900585	0.982	0.992	3.12932e-13
770   	760   	684.832		2.04915919005	0.983	0.992	3.14082e-13		2.04896972809	0.982	0.992	3.12441e-13
770   	760   	688.872		2.05055660244	0.983	0.992	3.13578e-13		2.05037180686	0.983	0.993	3.11956e-13
770   	760   	692.913		2.05195568116	0.983	0.992	3.1308e-13		2.05177542729	0.983	0.993	3.11478e-13
770   	760   	696.953		2.05335660409	0.984	0.993	3.1259e-13		2.0531807711	0.983	0.993	3.11007e-13
770   	760   	700.994		2.05475954597	0.984	0.993	3.12105e-13		2.05458801674	0.983	0.993	3.10541e-13
770   	760   	705.035		2.05616467854	0.984	0.993	3.11628e-13		2.05599733954	0.984	0.993	3.10082e-13
770   	760   	709.075		2.05757217065	0.984	0.993	3.11156e-13		2.05740891178	0.984	0.993	3.09629e-13
770   	760   	713.116		2.05898218836	0.984	0.993	3.1069e-13		2.05882290288	0.984	0.993	3.09181e-13
770   	760   	717.156		2.06039489507	0.985	0.993	3.10231e-13		2.06023947943	0.984	0.994	3.0874e-13
770   	760   	721.197		2.06181045162	0.985	0.993	3.09777e-13		2.06165880537	0.984	0.994	3.08303e-13
770   	760   	725.238		2.06322901637	0.985	0.994	3.09329e-13		2.06308104207	0.984	0.994	3.07873e-13
770   	760   	729.278		2.06465074533	0.985	0.994	3.08887e-13		2.0645063484	0.985	0.994	3.07448e-13
770   	760   	733.319		2.06607579222	0.985	0.994	3.0845e-13		2.06593488088	0.985	0.994	3.07028e-13
770   	760   	737.359		2.06750430858	0.985	0.994	3.08018e-13		2.06736679376	0.985	0.994	3.06613e-13
770   	760   	741.4 		2.06893644388	0.986	0.994	3.07592e-13		2.06880223909	0.985	0.994	3.06204e-13
770   	760   	745.441		2.07037234557	0.986	0.994	3.07171e-13		2.07024136683	0.985	0.994	3.05799e-13
770   	760   	749.481		2.07181215916	0.986	0.994	3.06755e-13		2.07168432494	0.986	0.994	3.054e-13
