Effective Refractive Indices:
rel_box_size:     0.001
rel_grid_spacing: 20
rel_tolerance:    0
eigenvectors:     4
boundary cond:    0000
Wavelengths from 1.6 um to 2.4 um in 500 steps
Heights from 0.77 um to 0.77 um in 1 steps
Widths from 0.76 um to 0.76 um in 1 steps
height	width	frequency	Ex_n_eff		Ex_frac	Ex_core	Ex_A_eff		Ey_n_eff		Ey_frac	Ey_core	Ey_A_eff
770   	760   	124.914		1.39283562847	0.955	0.0471	8.14183e-11		1.40848171104	0.899	0.188	6.00563e-12
770   	760   	125.039		1.39300789771	0.955	0.0476	7.97587e-11		1.40882356504	0.898	0.19	5.90277e-12
770   	760   	125.164		1.39318036219	0.954	0.0481	7.81233e-11		1.40916723154	0.897	0.192	5.80223e-12
770   	760   	125.289		1.39335303368	0.954	0.0487	7.6512e-11		1.40951272144	0.897	0.194	5.70398e-12
770   	760   	125.414		1.39352592412	0.954	0.0492	7.49247e-11		1.40986004518	0.896	0.196	5.60795e-12
770   	760   	125.539		1.3936990457	0.953	0.0498	7.33612e-11		1.41020921268	0.896	0.197	5.51411e-12
770   	760   	125.665		1.3938724108	0.953	0.0503	7.18213e-11		1.41056023335	0.895	0.199	5.42241e-12
770   	760   	125.79		1.39404603203	0.953	0.0509	7.03051e-11		1.4109131161	0.894	0.201	5.33281e-12
770   	760   	125.915		1.39421992224	0.952	0.0514	6.88122e-11		1.41126786929	0.894	0.203	5.24525e-12
770   	760   	126.04		1.39439409451	0.952	0.052	6.73426e-11		1.41162450078	0.893	0.205	5.15971e-12
770   	760   	126.165		1.39456856214	0.952	0.0526	6.58961e-11		1.41198301785	0.892	0.207	5.07612e-12
770   	760   	126.29		1.3947433387	0.951	0.0532	6.44725e-11		1.41234342726	0.892	0.209	4.99446e-12
770   	760   	126.415		1.39491843799	0.951	0.0538	6.30718e-11		1.4127057352	0.891	0.211	4.91468e-12
770   	760   	126.541		1.39509387409	0.95	0.0545	6.16937e-11		1.4130699473	0.89	0.213	4.83673e-12
770   	760   	126.666		1.39526966132	0.95	0.0551	6.03381e-11		1.41343606864	0.89	0.215	4.76058e-12
770   	760   	126.791		1.39544581428	0.95	0.0558	5.90049e-11		1.41380410371	0.889	0.216	4.68619e-12
770   	760   	126.916		1.39562234783	0.949	0.0564	5.76938e-11		1.41417405644	0.888	0.218	4.61352e-12
770   	760   	127.041		1.39579927712	0.949	0.0571	5.64047e-11		1.41454593018	0.888	0.22	4.54253e-12
770   	760   	127.166		1.39597661758	0.949	0.0578	5.51375e-11		1.4149197277	0.887	0.222	4.47317e-12
770   	760   	127.292		1.39615438493	0.948	0.0585	5.38919e-11		1.4152954512	0.886	0.224	4.40542e-12
770   	760   	127.417		1.39633259519	0.948	0.0592	5.26678e-11		1.41567310228	0.885	0.226	4.33924e-12
770   	760   	127.542		1.39651126469	0.947	0.0599	5.1465e-11		1.41605268198	0.885	0.228	4.27459e-12
770   	760   	127.667		1.39669041006	0.947	0.0606	5.02834e-11		1.41643419075	0.884	0.23	4.21143e-12
770   	760   	127.792		1.39687004823	0.946	0.0614	4.91227e-11		1.41681762845	0.883	0.232	4.14974e-12
770   	760   	127.917		1.39705019649	0.946	0.0621	4.79828e-11		1.41720299437	0.883	0.234	4.08947e-12
770   	760   	128.043		1.39723087243	0.945	0.0629	4.68635e-11		1.41759028725	0.882	0.236	4.03059e-12
770   	760   	128.168		1.39741209398	0.945	0.0637	4.57646e-11		1.41797950521	0.881	0.238	3.97308e-12
770   	760   	128.293		1.39759387941	0.944	0.0645	4.46859e-11		1.41837064583	0.881	0.24	3.91689e-12
770   	760   	128.418		1.39777624735	0.944	0.0653	4.36273e-11		1.41876370613	0.88	0.242	3.86199e-12
770   	760   	128.543		1.39795921677	0.943	0.0661	4.25884e-11		1.41915868257	0.879	0.244	3.80837e-12
770   	760   	128.668		1.39814280701	0.943	0.067	4.15692e-11		1.41955557103	0.879	0.246	3.75597e-12
770   	760   	128.794		1.39832703776	0.942	0.0679	4.05695e-11		1.41995436688	0.878	0.248	3.70479e-12
770   	760   	128.919		1.39851192911	0.942	0.0687	3.9589e-11		1.42035506493	0.877	0.25	3.65477e-12
770   	760   	129.044		1.3986975015	0.941	0.0696	3.86275e-11		1.42075765946	0.876	0.252	3.60591e-12
770   	760   	129.169		1.39888377578	0.941	0.0705	3.76849e-11		1.42116214422	0.876	0.254	3.55816e-12
770   	760   	129.294		1.39907077318	0.94	0.0715	3.6761e-11		1.42156851246	0.875	0.256	3.51151e-12
770   	760   	129.419		1.39925851534	0.94	0.0724	3.58554e-11		1.42197675691	0.874	0.258	3.46592e-12
770   	760   	129.545		1.39944702427	0.939	0.0734	3.49681e-11		1.4223868698	0.874	0.259	3.42136e-12
770   	760   	129.67		1.39963632244	0.939	0.0743	3.40988e-11		1.42279884289	0.873	0.261	3.37782e-12
770   	760   	129.795		1.3998264327	0.938	0.0753	3.32473e-11		1.42321266743	0.872	0.263	3.33527e-12
770   	760   	129.92		1.40001737834	0.937	0.0763	3.24135e-11		1.42362833424	0.872	0.265	3.29369e-12
770   	760   	130.045		1.40020918305	0.937	0.0774	3.1597e-11		1.42404583366	0.871	0.267	3.25304e-12
770   	760   	130.17		1.40040187099	0.936	0.0784	3.07977e-11		1.42446515559	0.87	0.269	3.2133e-12
770   	760   	130.296		1.40059546673	0.936	0.0795	3.00153e-11		1.4248862895	0.87	0.271	3.17446e-12
770   	760   	130.421		1.40078999528	0.935	0.0806	2.92498e-11		1.42530922445	0.869	0.273	3.13649e-12
770   	760   	130.546		1.40098548213	0.934	0.0817	2.85007e-11		1.42573394906	0.868	0.275	3.09937e-12
770   	760   	130.671		1.40118195317	0.934	0.0828	2.7768e-11		1.4261604516	0.868	0.277	3.06307e-12
770   	760   	130.796		1.40137943479	0.933	0.084	2.70513e-11		1.4265887199	0.867	0.279	3.02759e-12
770   	760   	130.921		1.4015779538	0.932	0.0851	2.63506e-11		1.42701874147	0.866	0.281	2.99288e-12
770   	760   	131.047		1.4017775375	0.931	0.0863	2.56655e-11		1.42745050344	0.866	0.283	2.95894e-12
770   	760   	131.172		1.40197821363	0.931	0.0875	2.49959e-11		1.42788399259	0.865	0.285	2.92575e-12
770   	760   	131.297		1.40218001042	0.93	0.0888	2.43415e-11		1.42831919538	0.864	0.287	2.89329e-12
770   	760   	131.422		1.40238295654	0.929	0.09	2.37021e-11		1.42875609795	0.864	0.288	2.86153e-12
770   	760   	131.547		1.40258708114	0.928	0.0913	2.30774e-11		1.42919468612	0.863	0.29	2.83047e-12
770   	760   	131.672		1.40279241384	0.928	0.0926	2.24674e-11		1.42963494545	0.862	0.292	2.80008e-12
770   	760   	131.798		1.40299898472	0.927	0.0939	2.18717e-11		1.43007686118	0.862	0.294	2.77034e-12
770   	760   	131.923		1.40320682434	0.926	0.0953	2.12901e-11		1.43052041832	0.861	0.296	2.74125e-12
770   	760   	132.048		1.4034159637	0.925	0.0966	2.07224e-11		1.43096560161	0.861	0.298	2.71277e-12
770   	760   	132.173		1.40362643429	0.924	0.098	2.01684e-11		1.43141239556	0.86	0.3	2.68491e-12
770   	760   	132.298		1.40383826804	0.924	0.0995	1.96279e-11		1.43186078445	0.859	0.302	2.65763e-12
770   	760   	132.423		1.40405149733	0.923	0.101	1.91006e-11		1.43231075234	0.859	0.303	2.63094e-12
770   	760   	132.549		1.40426615502	0.922	0.102	1.85863e-11		1.43276228309	0.858	0.305	2.6048e-12
770   	760   	132.674		1.40448227438	0.921	0.104	1.80848e-11		1.4332153604	0.857	0.307	2.57921e-12
770   	760   	132.799		1.40469988913	0.92	0.105	1.75959e-11		1.43366996775	0.857	0.309	2.55416e-12
770   	760   	132.924		1.4049190334	0.919	0.107	1.71193e-11		1.43412608849	0.856	0.311	2.52962e-12
770   	760   	133.049		1.40513974177	0.918	0.109	1.66549e-11		1.43458370581	0.856	0.312	2.50559e-12
770   	760   	133.174		1.40536204921	0.917	0.11	1.62025e-11		1.43504280276	0.855	0.314	2.48205e-12
770   	760   	133.3 		1.40558599107	0.916	0.112	1.57617e-11		1.43550336227	0.854	0.316	2.459e-12
770   	760   	133.425		1.40581160311	0.915	0.113	1.53324e-11		1.43596536713	0.854	0.318	2.43641e-12
770   	760   	133.55		1.40603892143	0.914	0.115	1.49144e-11		1.43642880005	0.853	0.32	2.41428e-12
770   	760   	133.675		1.40626798249	0.913	0.117	1.45075e-11		1.43689364365	0.853	0.321	2.3926e-12
770   	760   	133.8 		1.40649882311	0.912	0.119	1.41114e-11		1.43735988044	0.852	0.323	2.37135e-12
770   	760   	133.925		1.40673148037	0.911	0.12	1.37259e-11		1.43782749288	0.852	0.325	2.35052e-12
770   	760   	134.05		1.4069659917	0.91	0.122	1.33509e-11		1.43829646336	0.851	0.327	2.3301e-12
770   	760   	134.176		1.40720239476	0.909	0.124	1.2986e-11		1.43876677422	0.85	0.328	2.31009e-12
770   	760   	134.301		1.40744072748	0.908	0.126	1.26312e-11		1.43923840775	0.85	0.33	2.29047e-12
770   	760   	134.426		1.407681028 	0.907	0.128	1.22862e-11		1.43971134622	0.849	0.332	2.27122e-12
770   	760   	134.551		1.40792333467	0.906	0.13	1.19508e-11		1.44018557186	0.849	0.334	2.25235e-12
770   	760   	134.676		1.40816768598	0.905	0.131	1.16248e-11		1.44066106689	0.848	0.335	2.23385e-12
770   	760   	134.801		1.40841412058	0.904	0.133	1.13079e-11		1.44113781352	0.848	0.337	2.21569e-12
770   	760   	134.927		1.40866267722	0.903	0.135	1.10001e-11		1.44161579398	0.847	0.339	2.19789e-12
770   	760   	135.052		1.40891339471	0.901	0.137	1.0701e-11		1.44209499049	0.847	0.34	2.18041e-12
770   	760   	135.177		1.40916631188	0.9	0.139	1.04106e-11		1.44257538528	0.846	0.342	2.16327e-12
770   	760   	135.302		1.40942146759	0.899	0.142	1.01285e-11		1.44305696063	0.846	0.344	2.14644e-12
770   	760   	135.427		1.40967890063	0.898	0.144	9.85462e-12		1.44353969882	0.845	0.345	2.12993e-12
770   	760   	135.552		1.40993864971	0.897	0.146	9.58876e-12		1.44402358219	0.845	0.347	2.11372e-12
770   	760   	135.678		1.41020075341	0.895	0.148	9.33074e-12		1.44450859312	0.844	0.349	2.09781e-12
770   	760   	135.803		1.41046525016	0.894	0.15	9.08035e-12		1.44499471403	0.844	0.35	2.08218e-12
770   	760   	135.928		1.41073217813	0.893	0.152	8.83742e-12		1.44548192741	0.843	0.352	2.06684e-12
770   	760   	136.053		1.41100157527	0.891	0.155	8.60177e-12		1.4459702158	0.843	0.354	2.05177e-12
770   	760   	136.178		1.41127347919	0.89	0.157	8.3732e-12		1.44645956183	0.842	0.355	2.03697e-12
770   	760   	136.303		1.41154792714	0.889	0.159	8.15156e-12		1.44694994817	0.842	0.357	2.02243e-12
770   	760   	136.429		1.41182495596	0.888	0.162	7.93665e-12		1.44744135759	0.841	0.358	2.00815e-12
770   	760   	136.554		1.41210460203	0.886	0.164	7.72831e-12		1.44793377293	0.841	0.36	1.99412e-12
770   	760   	136.679		1.41238690119	0.885	0.166	7.52637e-12		1.44842717714	0.84	0.362	1.98033e-12
770   	760   	136.804		1.41267188873	0.883	0.169	7.33067e-12		1.44892155323	0.84	0.363	1.96678e-12
770   	760   	136.929		1.4129595993	0.882	0.171	7.14103e-12		1.44941688433	0.839	0.365	1.95346e-12
770   	760   	137.054		1.41325006686	0.881	0.174	6.95729e-12		1.44991315365	0.839	0.366	1.94036e-12
770   	760   	137.18		1.41354332466	0.879	0.176	6.7793e-12		1.45041034451	0.839	0.368	1.92749e-12
770   	760   	137.305		1.41383940513	0.878	0.179	6.60689e-12		1.45090844035	0.838	0.369	1.91483e-12
770   	760   	137.43		1.41413833985	0.877	0.181	6.43992e-12		1.45140742469	0.838	0.371	1.90238e-12
770   	760   	137.555		1.41444015952	0.875	0.184	6.27823e-12		1.45190728118	0.837	0.372	1.89014e-12
770   	760   	137.68		1.41474489386	0.874	0.186	6.12168e-12		1.45240799359	0.837	0.374	1.8781e-12
770   	760   	137.805		1.41505257159	0.872	0.189	5.97011e-12		1.45290954579	0.836	0.375	1.86626e-12
770   	760   	137.931		1.41536322035	0.871	0.191	5.82339e-12		1.45341192179	0.836	0.377	1.8546e-12
770   	760   	138.056		1.41567686668	0.869	0.194	5.68137e-12		1.45391510569	0.836	0.378	1.84314e-12
770   	760   	138.181		1.41599353595	0.868	0.197	5.54391e-12		1.45441908174	0.835	0.38	1.83185e-12
770   	760   	138.306		1.4163132523	0.866	0.199	5.41089e-12		1.45492383431	0.835	0.381	1.82075e-12
770   	760   	138.431		1.41663603862	0.865	0.202	5.28217e-12		1.45542934789	0.834	0.383	1.80981e-12
770   	760   	138.556		1.41696191647	0.863	0.205	5.15761e-12		1.45593560712	0.834	0.384	1.79905e-12
770   	760   	138.682		1.4172909061	0.862	0.208	5.0371e-12		1.45644259673	0.834	0.386	1.78846e-12
770   	760   	138.807		1.41762302631	0.861	0.21	4.92051e-12		1.45695030162	0.833	0.387	1.77803e-12
770   	760   	138.932		1.41795829452	0.859	0.213	4.80772e-12		1.45745870679	0.833	0.389	1.76776e-12
770   	760   	139.057		1.41829672664	0.858	0.216	4.69862e-12		1.45796779741	0.833	0.39	1.75764e-12
770   	760   	139.182		1.41863833711	0.856	0.219	4.59307e-12		1.45847755876	0.832	0.392	1.74767e-12
770   	760   	139.307		1.41898313884	0.855	0.221	4.49098e-12		1.45898797624	0.832	0.393	1.73786e-12
770   	760   	139.433		1.41933114317	0.853	0.224	4.39224e-12		1.45949903543	0.831	0.394	1.72819e-12
770   	760   	139.558		1.41968235986	0.852	0.227	4.29673e-12		1.46001072199	0.831	0.396	1.71866e-12
770   	760   	139.683		1.4200367971	0.85	0.23	4.20435e-12		1.46052302178	0.831	0.397	1.70927e-12
770   	760   	139.808		1.42039446143	0.849	0.232	4.11501e-12		1.46103592073	0.83	0.399	1.70002e-12
770   	760   	139.933		1.42075535781	0.847	0.235	4.0286e-12		1.46154940497	0.83	0.4	1.6909e-12
770   	760   	140.058		1.42111948952	0.846	0.238	3.94502e-12		1.46206346071	0.83	0.401	1.68191e-12
770   	760   	140.184		1.42148685822	0.844	0.241	3.86418e-12		1.46257807434	0.829	0.403	1.67304e-12
770   	760   	140.309		1.42185746396	0.843	0.244	3.786e-12		1.46309323236	0.829	0.404	1.6643e-12
770   	760   	140.434		1.42223130511	0.841	0.247	3.71038e-12		1.46360892142	0.829	0.406	1.65569e-12
770   	760   	140.559		1.42260837843	0.84	0.249	3.63723e-12		1.46412512831	0.828	0.407	1.64719e-12
770   	760   	140.684		1.42298867906	0.838	0.252	3.56648e-12		1.46464183995	0.828	0.408	1.63881e-12
770   	760   	140.809		1.42337220055	0.837	0.255	3.49803e-12		1.46515904338	0.828	0.41	1.63055e-12
770   	760   	140.934		1.42375893483	0.836	0.258	3.43182e-12		1.46567672581	0.827	0.411	1.6224e-12
770   	760   	141.06		1.42414887228	0.834	0.261	3.36777e-12		1.46619487456	0.827	0.412	1.61435e-12
770   	760   	141.185		1.42454200174	0.833	0.263	3.3058e-12		1.46671347709	0.827	0.414	1.60642e-12
770   	760   	141.31		1.42493831053	0.831	0.266	3.24583e-12		1.467232521 	0.827	0.415	1.59859e-12
770   	760   	141.435		1.42533778448	0.83	0.269	3.18781e-12		1.46775199401	0.826	0.416	1.59086e-12
770   	760   	141.56		1.42574040798	0.829	0.272	3.13166e-12		1.46827188399	0.826	0.418	1.58323e-12
770   	760   	141.685		1.42614616398	0.827	0.275	3.07732e-12		1.46879217893	0.826	0.419	1.57571e-12
770   	760   	141.811		1.42655503407	0.826	0.277	3.02472e-12		1.46931286695	0.825	0.42	1.56828e-12
770   	760   	141.936		1.4269669985	0.824	0.28	2.9738e-12		1.46983393631	0.825	0.422	1.56094e-12
770   	760   	142.061		1.42738203622	0.823	0.283	2.92451e-12		1.4703553754	0.825	0.423	1.5537e-12
770   	760   	142.186		1.42780012491	0.822	0.286	2.87678e-12		1.47087717273	0.825	0.424	1.54655e-12
770   	760   	142.311		1.42822124109	0.82	0.288	2.83056e-12		1.47139931694	0.824	0.425	1.53949e-12
770   	760   	142.436		1.42864536007	0.819	0.291	2.7858e-12		1.4719217968	0.824	0.427	1.53252e-12
770   	760   	142.562		1.42907245609	0.818	0.294	2.74244e-12		1.47244460121	0.824	0.428	1.52563e-12
770   	760   	142.687		1.4295025023	0.817	0.296	2.70044e-12		1.47296771919	0.823	0.429	1.51883e-12
770   	760   	142.812		1.42993547088	0.815	0.299	2.65975e-12		1.47349113987	0.823	0.43	1.51211e-12
770   	760   	142.937		1.43037133302	0.814	0.302	2.62031e-12		1.47401485254	0.823	0.432	1.50547e-12
770   	760   	143.062		1.43081005902	0.813	0.304	2.58209e-12		1.47453884658	0.823	0.433	1.49891e-12
770   	760   	143.187		1.43125161831	0.812	0.307	2.54504e-12		1.4750631115	0.822	0.434	1.49243e-12
770   	760   	143.313		1.43169597955	0.81	0.31	2.50912e-12		1.47558763693	0.822	0.435	1.48603e-12
770   	760   	143.438		1.43214311062	0.809	0.312	2.47429e-12		1.47611241263	0.822	0.437	1.4797e-12
770   	760   	143.563		1.43259297872	0.808	0.315	2.44051e-12		1.47663742846	0.822	0.438	1.47344e-12
770   	760   	143.688		1.43304555041	0.807	0.317	2.40774e-12		1.47716267442	0.821	0.439	1.46726e-12
770   	760   	143.813		1.43350079165	0.806	0.32	2.37595e-12		1.47768814059	0.821	0.44	1.46115e-12
770   	760   	143.938		1.43395866783	0.805	0.322	2.3451e-12		1.47821381721	0.821	0.442	1.45511e-12
770   	760   	144.064		1.4344191439	0.804	0.325	2.31515e-12		1.47873969459	0.821	0.443	1.44913e-12
770   	760   	144.189		1.4348821843	0.802	0.327	2.28608e-12		1.47926576319	0.821	0.444	1.44323e-12
770   	760   	144.314		1.43534775312	0.801	0.33	2.25786e-12		1.47979201355	0.82	0.445	1.43739e-12
770   	760   	144.439		1.43581581408	0.8	0.332	2.23045e-12		1.48031843635	0.82	0.446	1.43161e-12
770   	760   	144.564		1.43628633059	0.799	0.335	2.20382e-12		1.48084502235	0.82	0.448	1.4259e-12
770   	760   	144.689		1.43675926579	0.798	0.337	2.17795e-12		1.48137176244	0.82	0.449	1.42026e-12
770   	760   	144.815		1.43723458261	0.797	0.34	2.15281e-12		1.48189864761	0.819	0.45	1.41467e-12
770   	760   	144.94		1.43771224379	0.796	0.342	2.12838e-12		1.48242566896	0.819	0.451	1.40914e-12
770   	760   	145.065		1.43819221193	0.795	0.344	2.10462e-12		1.48295281768	0.819	0.452	1.40368e-12
770   	760   	145.19		1.43867444953	0.794	0.347	2.08152e-12		1.48348008508	0.819	0.453	1.39827e-12
770   	760   	145.315		1.43915891902	0.793	0.349	2.05905e-12		1.48400746256	0.819	0.455	1.39292e-12
770   	760   	145.44		1.43964558279	0.792	0.351	2.03719e-12		1.48453494165	0.818	0.456	1.38762e-12
770   	760   	145.566		1.44013440324	0.791	0.354	2.01592e-12		1.48506251393	0.818	0.457	1.38238e-12
770   	760   	145.691		1.4406253428	0.791	0.356	1.99521e-12		1.48559017112	0.818	0.458	1.3772e-12
770   	760   	145.816		1.44111836396	0.79	0.358	1.97506e-12		1.48611790504	0.818	0.459	1.37207e-12
770   	760   	145.941		1.4416134293	0.789	0.36	1.95543e-12		1.48664570757	0.818	0.46	1.36699e-12
770   	760   	146.066		1.44211050152	0.788	0.362	1.93632e-12		1.48717357072	0.818	0.462	1.36196e-12
770   	760   	146.191		1.44260954346	0.787	0.365	1.9177e-12		1.48770148659	0.817	0.463	1.35699e-12
770   	760   	146.317		1.44311051815	0.786	0.367	1.89955e-12		1.48822944737	0.817	0.464	1.35206e-12
770   	760   	146.442		1.44361338876	0.785	0.369	1.88187e-12		1.48875744533	0.817	0.465	1.34719e-12
770   	760   	146.567		1.44411811873	0.785	0.371	1.86463e-12		1.48928547285	0.817	0.466	1.34236e-12
770   	760   	146.692		1.44462467169	0.784	0.373	1.84781e-12		1.48981352239	0.817	0.467	1.33758e-12
770   	760   	146.817		1.44513301154	0.783	0.375	1.83142e-12		1.49034158652	0.816	0.468	1.33284e-12
770   	760   	146.942		1.44564310244	0.782	0.377	1.81542e-12		1.49086965786	0.816	0.469	1.32816e-12
770   	760   	147.068		1.44615490883	0.782	0.379	1.79981e-12		1.49139772915	0.816	0.47	1.32352e-12
770   	760   	147.193		1.44666839546	0.781	0.381	1.78458e-12		1.49192579321	0.816	0.472	1.31892e-12
770   	760   	147.318		1.44718352737	0.78	0.384	1.76971e-12		1.49245384295	0.816	0.473	1.31437e-12
770   	760   	147.443		1.44770026994	0.779	0.386	1.75518e-12		1.49298187134	0.816	0.474	1.30986e-12
770   	760   	147.568		1.44821858889	0.779	0.387	1.741e-12		1.49350987147	0.816	0.475	1.30539e-12
770   	760   	147.693		1.44873845026	0.778	0.389	1.72714e-12		1.49403783648	0.815	0.476	1.30097e-12
770   	760   	147.819		1.44925982047	0.777	0.391	1.7136e-12		1.49456575961	0.815	0.477	1.29658e-12
770   	760   	147.944		1.44978266628	0.777	0.393	1.70037e-12		1.49509363418	0.815	0.478	1.29224e-12
770   	760   	148.069		1.45030695484	0.776	0.395	1.68743e-12		1.49562145359	0.815	0.479	1.28794e-12
770   	760   	148.194		1.45083265366	0.775	0.397	1.67478e-12		1.49614921131	0.815	0.48	1.28367e-12
770   	760   	148.319		1.45135973063	0.775	0.399	1.66241e-12		1.49667690089	0.815	0.481	1.27945e-12
770   	760   	148.444		1.45188815405	0.774	0.401	1.65031e-12		1.49720451598	0.815	0.482	1.27526e-12
770   	760   	148.569		1.45241789258	0.774	0.403	1.63847e-12		1.49773205026	0.814	0.483	1.27112e-12
770   	760   	148.695		1.45294891528	0.773	0.405	1.62688e-12		1.49825949754	0.814	0.485	1.26701e-12
770   	760   	148.82		1.45348119163	0.772	0.406	1.61553e-12		1.49878685167	0.814	0.486	1.26293e-12
770   	760   	148.945		1.45401469148	0.772	0.408	1.60442e-12		1.49931410657	0.814	0.487	1.25889e-12
770   	760   	149.07		1.45454938508	0.771	0.41	1.59355e-12		1.49984125625	0.814	0.488	1.25489e-12
770   	760   	149.195		1.45508524312	0.771	0.412	1.58289e-12		1.50036829479	0.814	0.489	1.25092e-12
770   	760   	149.32		1.45562223663	0.77	0.414	1.57245e-12		1.50089521634	0.814	0.49	1.24699e-12
770   	760   	149.446		1.4561603371	0.77	0.415	1.56222e-12		1.5014220151	0.814	0.491	1.24309e-12
770   	760   	149.571		1.45669951637	0.769	0.417	1.55219e-12		1.50194868538	0.813	0.492	1.23923e-12
770   	760   	149.696		1.45723974672	0.769	0.419	1.54236e-12		1.50247522152	0.813	0.493	1.2354e-12
770   	760   	149.821		1.4577810008	0.768	0.421	1.53272e-12		1.50300161794	0.813	0.494	1.2316e-12
770   	760   	149.946		1.45832325168	0.768	0.422	1.52327e-12		1.50352786914	0.813	0.495	1.22783e-12
770   	760   	150.071		1.45886647281	0.767	0.424	1.514e-12		1.50405396968	0.813	0.496	1.2241e-12
770   	760   	150.197		1.45941063803	0.767	0.426	1.5049e-12		1.50457991417	0.813	0.497	1.22039e-12
770   	760   	150.322		1.45995572157	0.766	0.427	1.49597e-12		1.5051056973	0.813	0.498	1.21672e-12
770   	760   	150.447		1.46050169806	0.766	0.429	1.48721e-12		1.50563131383	0.813	0.499	1.21308e-12
770   	760   	150.572		1.46104854251	0.765	0.431	1.4786e-12		1.50615675855	0.813	0.5	1.20946e-12
770   	760   	150.697		1.4615962303	0.765	0.432	1.47016e-12		1.50668202637	0.812	0.501	1.20588e-12
770   	760   	150.822		1.4621447372	0.765	0.434	1.46186e-12		1.5072071122	0.812	0.502	1.20233e-12
770   	760   	150.948		1.46269403934	0.764	0.435	1.45371e-12		1.50773201104	0.812	0.503	1.1988e-12
770   	760   	151.073		1.46324411323	0.764	0.437	1.44571e-12		1.50825671797	0.812	0.504	1.19531e-12
770   	760   	151.198		1.46379493574	0.763	0.439	1.43784e-12		1.50878122809	0.812	0.505	1.19184e-12
770   	760   	151.323		1.46434648411	0.763	0.44	1.43011e-12		1.50930553659	0.812	0.506	1.1884e-12
770   	760   	151.448		1.46489873594	0.763	0.442	1.42251e-12		1.50982963869	0.812	0.507	1.18498e-12
770   	760   	151.573		1.46545166916	0.762	0.443	1.41504e-12		1.5103535297	0.812	0.508	1.1816e-12
770   	760   	151.699		1.46600526207	0.762	0.445	1.40769e-12		1.51087720496	0.812	0.509	1.17824e-12
770   	760   	151.824		1.46655949332	0.762	0.446	1.40046e-12		1.51140065989	0.812	0.51	1.17491e-12
770   	760   	151.949		1.46711434188	0.761	0.448	1.39336e-12		1.51192388993	0.812	0.511	1.1716e-12
770   	760   	152.074		1.46766978707	0.761	0.449	1.38637e-12		1.51244689061	0.811	0.512	1.16832e-12
770   	760   	152.199		1.46822580853	0.761	0.451	1.37948e-12		1.51296965751	0.811	0.513	1.16506e-12
770   	760   	152.324		1.46878238624	0.76	0.452	1.37271e-12		1.51349218623	0.811	0.514	1.16183e-12
770   	760   	152.45		1.46933950049	0.76	0.454	1.36605e-12		1.51401447248	0.811	0.515	1.15862e-12
770   	760   	152.575		1.4698971319	0.76	0.455	1.35949e-12		1.51453651197	0.811	0.516	1.15544e-12
770   	760   	152.7 		1.4704552614	0.759	0.457	1.35303e-12		1.51505830048	0.811	0.517	1.15228e-12
770   	760   	152.825		1.4710138702	0.759	0.458	1.34667e-12		1.51557983386	0.811	0.518	1.14915e-12
770   	760   	152.95		1.47157293986	0.759	0.459	1.3404e-12		1.51610110798	0.811	0.519	1.14604e-12
770   	760   	153.075		1.4721324522	0.758	0.461	1.33423e-12		1.51662211878	0.811	0.52	1.14295e-12
770   	760   	153.201		1.47269238936	0.758	0.462	1.32815e-12		1.51714286225	0.811	0.521	1.13989e-12
770   	760   	153.326		1.47325273376	0.758	0.464	1.32216e-12		1.51766333442	0.811	0.521	1.13684e-12
770   	760   	153.451		1.47381346809	0.758	0.465	1.31625e-12		1.51818353136	0.811	0.522	1.13382e-12
770   	760   	153.576		1.47437457536	0.757	0.466	1.31044e-12		1.51870344922	0.811	0.523	1.13083e-12
770   	760   	153.701		1.47493603881	0.757	0.468	1.3047e-12		1.51922308416	0.811	0.524	1.12785e-12
770   	760   	153.826		1.47549784198	0.757	0.469	1.29904e-12		1.51974243241	0.811	0.525	1.1249e-12
770   	760   	153.952		1.47605996867	0.757	0.471	1.29347e-12		1.52026149025	0.81	0.526	1.12196e-12
770   	760   	154.077		1.47662240295	0.756	0.472	1.28797e-12		1.52078025398	0.81	0.527	1.11905e-12
770   	760   	154.202		1.47718512914	0.756	0.473	1.28255e-12		1.52129871997	0.81	0.528	1.11616e-12
770   	760   	154.327		1.4777481318	0.756	0.475	1.2772e-12		1.52181688462	0.81	0.529	1.11329e-12
770   	760   	154.452		1.47831139579	0.756	0.476	1.27192e-12		1.52233474439	0.81	0.53	1.11044e-12
770   	760   	154.577		1.47887490615	0.756	0.477	1.26671e-12		1.52285229577	0.81	0.531	1.10761e-12
770   	760   	154.703		1.47943864822	0.755	0.479	1.26157e-12		1.52336953529	0.81	0.532	1.1048e-12
770   	760   	154.828		1.48000260753	0.755	0.48	1.2565e-12		1.52388645954	0.81	0.533	1.10201e-12
770   	760   	154.953		1.48056676989	0.755	0.481	1.2515e-12		1.52440306514	0.81	0.534	1.09924e-12
770   	760   	155.078		1.48113112131	0.755	0.483	1.24656e-12		1.52491934875	0.81	0.534	1.09649e-12
770   	760   	155.203		1.48169564802	0.755	0.484	1.24168e-12		1.52543530709	0.81	0.535	1.09375e-12
770   	760   	155.328		1.4822603365	0.754	0.485	1.23687e-12		1.52595093689	0.81	0.536	1.09104e-12
770   	760   	155.454		1.48282517343	0.754	0.486	1.23211e-12		1.52646623494	0.81	0.537	1.08834e-12
770   	760   	155.579		1.48339014571	0.754	0.488	1.22741e-12		1.52698119808	0.81	0.538	1.08567e-12
770   	760   	155.704		1.48395524045	0.754	0.489	1.22278e-12		1.52749582316	0.81	0.539	1.08301e-12
770   	760   	155.829		1.48452044496	0.754	0.49	1.21819e-12		1.52801010711	0.81	0.54	1.08037e-12
770   	760   	155.954		1.48508574677	0.754	0.491	1.21367e-12		1.52852404685	0.81	0.541	1.07774e-12
770   	760   	156.079		1.48565113361	0.753	0.493	1.20919e-12		1.52903763938	0.81	0.542	1.07514e-12
770   	760   	156.204		1.48621659338	0.753	0.494	1.20478e-12		1.52955088171	0.81	0.543	1.07255e-12
770   	760   	156.33		1.48678211421	0.753	0.495	1.20041e-12		1.53006377092	0.81	0.543	1.06998e-12
770   	760   	156.455		1.4873476844	0.753	0.496	1.19609e-12		1.53057630408	0.81	0.544	1.06742e-12
770   	760   	156.58		1.48791329244	0.753	0.498	1.19183e-12		1.53108847834	0.81	0.545	1.06489e-12
770   	760   	156.705		1.488478927 	0.753	0.499	1.18761e-12		1.53160029086	0.81	0.546	1.06237e-12
770   	760   	156.83		1.48904457695	0.753	0.5	1.18344e-12		1.53211173886	0.81	0.547	1.05986e-12
770   	760   	156.955		1.48961023131	0.752	0.501	1.17932e-12		1.53262281956	0.81	0.548	1.05737e-12
770   	760   	157.081		1.4901758793	0.752	0.502	1.17524e-12		1.53313353026	0.809	0.549	1.0549e-12
770   	760   	157.206		1.4907415103	0.752	0.504	1.17121e-12		1.53364386825	0.809	0.55	1.05245e-12
770   	760   	157.331		1.49130711385	0.752	0.505	1.16723e-12		1.53415383088	0.809	0.55	1.05e-12
770   	760   	157.456		1.49187267968	0.752	0.506	1.16329e-12		1.53466341554	0.809	0.551	1.04758e-12
770   	760   	157.581		1.49243819766	0.752	0.507	1.15939e-12		1.53517261964	0.809	0.552	1.04517e-12
770   	760   	157.706		1.49300365784	0.752	0.508	1.15553e-12		1.53568144062	0.809	0.553	1.04278e-12
770   	760   	157.832		1.49356905041	0.752	0.509	1.15171e-12		1.53618987596	0.809	0.554	1.0404e-12
770   	760   	157.957		1.49413436572	0.752	0.511	1.14794e-12		1.53669792318	0.809	0.555	1.03803e-12
770   	760   	158.082		1.49469959429	0.751	0.512	1.1442e-12		1.53720557982	0.809	0.556	1.03569e-12
770   	760   	158.207		1.49526472677	0.751	0.513	1.14051e-12		1.53771284346	0.809	0.556	1.03335e-12
770   	760   	158.332		1.49582975396	0.751	0.514	1.13685e-12		1.5382197117	0.809	0.557	1.03103e-12
770   	760   	158.457		1.49639466681	0.751	0.515	1.13323e-12		1.53872618219	0.809	0.558	1.02873e-12
770   	760   	158.583		1.49695945642	0.751	0.516	1.12964e-12		1.5392322526	0.809	0.559	1.02644e-12
770   	760   	158.708		1.49752411401	0.751	0.517	1.1261e-12		1.53973792062	0.809	0.56	1.02416e-12
770   	760   	158.833		1.49808863096	0.751	0.518	1.12258e-12		1.54024318399	0.809	0.561	1.0219e-12
770   	760   	158.958		1.49865299877	0.751	0.52	1.11911e-12		1.54074804047	0.809	0.562	1.01965e-12
770   	760   	159.083		1.49921720907	0.751	0.521	1.11566e-12		1.54125248786	0.809	0.562	1.01741e-12
770   	760   	159.208		1.49978125366	0.751	0.522	1.11226e-12		1.54175652396	0.809	0.563	1.01519e-12
770   	760   	159.334		1.50034512441	0.751	0.523	1.10888e-12		1.54226014664	0.809	0.564	1.01298e-12
770   	760   	159.459		1.50090881336	0.751	0.524	1.10554e-12		1.54276335378	0.809	0.565	1.01078e-12
770   	760   	159.584		1.50147231266	0.751	0.525	1.10223e-12		1.54326614327	0.809	0.566	1.0086e-12
770   	760   	159.709		1.50203561459	0.751	0.526	1.09895e-12		1.54376851306	0.809	0.567	1.00643e-12
770   	760   	159.834		1.50259871153	0.75	0.527	1.0957e-12		1.5442704611	0.809	0.567	1.00428e-12
770   	760   	159.959		1.50316159601	0.75	0.528	1.09248e-12		1.5447719854	0.809	0.568	1.00213e-12
770   	760   	160.085		1.50372426066	0.75	0.529	1.0893e-12		1.54527308396	0.809	0.569	1e-12 
770   	760   	160.21		1.50428669823	0.75	0.53	1.08614e-12		1.54577375484	0.809	0.57	9.97885e-13
770   	760   	160.335		1.50484890157	0.75	0.531	1.08301e-12		1.54627399611	0.809	0.571	9.95779e-13
770   	760   	160.46		1.50541086365	0.75	0.533	1.07991e-12		1.54677380586	0.809	0.571	9.93686e-13
770   	760   	160.585		1.50597257757	0.75	0.534	1.07684e-12		1.54727318222	0.809	0.572	9.91605e-13
770   	760   	160.71		1.5065340365	0.75	0.535	1.07379e-12		1.54777212334	0.809	0.573	9.89535e-13
770   	760   	160.836		1.50709523375	0.75	0.536	1.07078e-12		1.5482706274	0.809	0.574	9.87478e-13
770   	760   	160.961		1.50765616271	0.75	0.537	1.06779e-12		1.54876869261	0.809	0.575	9.85433e-13
770   	760   	161.086		1.50821681689	0.75	0.538	1.06482e-12		1.54926631718	0.809	0.576	9.83399e-13
770   	760   	161.211		1.50877718989	0.75	0.539	1.06189e-12		1.54976349937	0.809	0.576	9.81377e-13
770   	760   	161.336		1.50933727543	0.75	0.54	1.05897e-12		1.55026023746	0.809	0.577	9.79367e-13
770   	760   	161.461		1.50989706729	0.75	0.541	1.05609e-12		1.55075652976	0.809	0.578	9.77368e-13
770   	760   	161.587		1.51045655939	0.75	0.542	1.05323e-12		1.55125237458	0.809	0.579	9.7538e-13
770   	760   	161.712		1.51101574571	0.75	0.543	1.05039e-12		1.55174777027	0.809	0.58	9.73404e-13
770   	760   	161.837		1.51157462035	0.75	0.544	1.04758e-12		1.55224271522	0.809	0.58	9.71439e-13
770   	760   	161.962		1.51213317748	0.75	0.545	1.04479e-12		1.55273720781	0.809	0.581	9.69484e-13
770   	760   	162.087		1.51269141139	0.75	0.546	1.04202e-12		1.55323124647	0.81	0.582	9.67541e-13
770   	760   	162.212		1.51324931642	0.75	0.547	1.03928e-12		1.55372482964	0.81	0.583	9.65608e-13
770   	760   	162.338		1.51380688704	0.75	0.548	1.03656e-12		1.55421795579	0.81	0.583	9.63687e-13
770   	760   	162.463		1.51436411777	0.75	0.549	1.03386e-12		1.5547106234	0.81	0.584	9.61775e-13
770   	760   	162.588		1.51492100324	0.75	0.55	1.03119e-12		1.55520283099	0.81	0.585	9.59875e-13
770   	760   	162.713		1.51547753815	0.75	0.551	1.02853e-12		1.55569457709	0.81	0.586	9.57985e-13
770   	760   	162.838		1.51603371729	0.75	0.552	1.0259e-12		1.55618586026	0.81	0.587	9.56105e-13
770   	760   	162.963		1.51658953554	0.75	0.553	1.02329e-12		1.55667667907	0.81	0.587	9.54235e-13
770   	760   	163.088		1.51714498785	0.75	0.554	1.0207e-12		1.55716703211	0.81	0.588	9.52376e-13
770   	760   	163.214		1.51770006924	0.75	0.555	1.01813e-12		1.55765691802	0.81	0.589	9.50527e-13
770   	760   	163.339		1.51825477482	0.75	0.556	1.01558e-12		1.55814633543	0.81	0.59	9.48687e-13
770   	760   	163.464		1.51880909978	0.75	0.557	1.01305e-12		1.558635283 	0.81	0.59	9.46858e-13
770   	760   	163.589		1.51936303938	0.75	0.558	1.01054e-12		1.55912375941	0.81	0.591	9.45039e-13
770   	760   	163.714		1.51991658896	0.75	0.559	1.00805e-12		1.55961176337	0.81	0.592	9.43229e-13
770   	760   	163.839		1.52046974393	0.75	0.56	1.00558e-12		1.5600992936	0.81	0.593	9.41429e-13
770   	760   	163.965		1.52102249976	0.75	0.561	1.00313e-12		1.56058634884	0.81	0.594	9.39638e-13
770   	760   	164.09		1.52157485201	0.75	0.561	1.0007e-12		1.56107292785	0.81	0.594	9.37857e-13
770   	760   	164.215		1.5221267963	0.75	0.562	9.98285e-13		1.56155902942	0.81	0.595	9.36086e-13
770   	760   	164.34		1.52267832833	0.75	0.563	9.95889e-13		1.56204465234	0.81	0.596	9.34323e-13
770   	760   	164.465		1.52322944386	0.75	0.564	9.93511e-13		1.56252979544	0.81	0.597	9.3257e-13
770   	760   	164.59		1.52378013871	0.75	0.565	9.91151e-13		1.56301445756	0.81	0.597	9.30827e-13
770   	760   	164.716		1.52433040879	0.75	0.566	9.88808e-13		1.56349863755	0.81	0.598	9.29092e-13
770   	760   	164.841		1.52488025005	0.75	0.567	9.86483e-13		1.5639823343	0.81	0.599	9.27366e-13
770   	760   	164.966		1.52542965852	0.75	0.568	9.84174e-13		1.56446554669	0.81	0.6	9.2565e-13
770   	760   	165.091		1.52597863029	0.751	0.569	9.81883e-13		1.56494827365	0.81	0.6	9.23942e-13
770   	760   	165.216		1.5265271615	0.751	0.57	9.79608e-13		1.5654305141	0.81	0.601	9.22243e-13
770   	760   	165.341		1.52707524837	0.751	0.571	9.7735e-13		1.56591226699	0.81	0.602	9.20553e-13
770   	760   	165.467		1.52762288718	0.751	0.572	9.75107e-13		1.5663935313	0.81	0.603	9.18871e-13
770   	760   	165.592		1.52817007426	0.751	0.573	9.72881e-13		1.56687430601	0.81	0.603	9.17198e-13
770   	760   	165.717		1.528716806 	0.751	0.573	9.70671e-13		1.56735459012	0.81	0.604	9.15534e-13
770   	760   	165.842		1.52926307885	0.751	0.574	9.68476e-13		1.56783438264	0.81	0.605	9.13878e-13
770   	760   	165.967		1.52980888933	0.751	0.575	9.66297e-13		1.56831368263	0.811	0.606	9.1223e-13
770   	760   	166.092		1.530354234 	0.751	0.576	9.64133e-13		1.56879248913	0.811	0.606	9.10591e-13
770   	760   	166.218		1.53089910948	0.751	0.577	9.61984e-13		1.56927080121	0.811	0.607	9.0896e-13
770   	760   	166.343		1.53144351245	0.751	0.578	9.5985e-13		1.56974861796	0.811	0.608	9.07338e-13
770   	760   	166.468		1.53198743964	0.751	0.579	9.57731e-13		1.57022593849	0.811	0.608	9.05723e-13
770   	760   	166.593		1.53253088783	0.751	0.58	9.55626e-13		1.57070276191	0.811	0.609	9.04116e-13
770   	760   	166.718		1.53307385388	0.751	0.581	9.53536e-13		1.57117908736	0.811	0.61	9.02518e-13
770   	760   	166.843		1.53361633465	0.751	0.582	9.5146e-13		1.571654914 	0.811	0.611	9.00927e-13
770   	760   	166.969		1.53415832711	0.751	0.582	9.49397e-13		1.57213024098	0.811	0.611	8.99345e-13
770   	760   	167.094		1.53469982823	0.751	0.583	9.47349e-13		1.5726050675	0.811	0.612	8.9777e-13
770   	760   	167.219		1.53524083507	0.751	0.584	9.45315e-13		1.57307939276	0.811	0.613	8.96203e-13
770   	760   	167.344		1.53578134471	0.752	0.585	9.43294e-13		1.57355321596	0.811	0.613	8.94643e-13
770   	760   	167.469		1.5363213543	0.752	0.586	9.41286e-13		1.57402653634	0.811	0.614	8.93092e-13
770   	760   	167.594		1.53686086103	0.752	0.587	9.39292e-13		1.57449935315	0.811	0.615	8.91547e-13
770   	760   	167.72		1.53739986213	0.752	0.588	9.37311e-13		1.57497166563	0.811	0.616	8.90011e-13
770   	760   	167.845		1.53793835488	0.752	0.588	9.35342e-13		1.57544347307	0.811	0.616	8.88482e-13
770   	760   	167.97		1.53847633662	0.752	0.589	9.33387e-13		1.57591477476	0.811	0.617	8.8696e-13
770   	760   	168.095		1.53901380472	0.752	0.59	9.31444e-13		1.57638557  	0.811	0.618	8.85445e-13
770   	760   	168.22		1.53955075661	0.752	0.591	9.29514e-13		1.5768558581	0.811	0.618	8.83938e-13
770   	760   	168.345		1.54008718974	0.752	0.592	9.27596e-13		1.5773256384	0.811	0.619	8.82438e-13
770   	760   	168.471		1.54062310162	0.752	0.593	9.2569e-13		1.57779491025	0.812	0.62	8.80946e-13
770   	760   	168.596		1.54115848981	0.752	0.594	9.23797e-13		1.578263673 	0.812	0.621	8.7946e-13
770   	760   	168.721		1.5416933519	0.752	0.594	9.21915e-13		1.57873192602	0.812	0.621	8.77982e-13
770   	760   	168.846		1.54222768552	0.752	0.595	9.20046e-13		1.57919966871	0.812	0.622	8.7651e-13
770   	760   	168.971		1.54276148835	0.753	0.596	9.18188e-13		1.57966690047	0.812	0.623	8.75046e-13
770   	760   	169.096		1.54329475812	0.753	0.597	9.16341e-13		1.58013362071	0.812	0.623	8.73588e-13
770   	760   	169.222		1.54382749258	0.753	0.598	9.14506e-13		1.58059982886	0.812	0.624	8.72137e-13
770   	760   	169.347		1.54435968952	0.753	0.599	9.12683e-13		1.58106552435	0.812	0.625	8.70694e-13
770   	760   	169.472		1.54489134679	0.753	0.599	9.10871e-13		1.58153070664	0.812	0.625	8.69256e-13
770   	760   	169.597		1.54542246227	0.753	0.6	9.09069e-13		1.5819953752	0.812	0.626	8.67826e-13
770   	760   	169.722		1.54595303386	0.753	0.601	9.07279e-13		1.58245952951	0.812	0.627	8.66402e-13
770   	760   	169.847		1.54648305953	0.753	0.602	9.055e-13		1.58292316906	0.812	0.627	8.64985e-13
770   	760   	169.973		1.54701253726	0.753	0.603	9.03731e-13		1.58338629334	0.812	0.628	8.63575e-13
770   	760   	170.098		1.54754146507	0.753	0.603	9.01973e-13		1.58384890189	0.812	0.629	8.62171e-13
770   	760   	170.223		1.54806984104	0.753	0.604	9.00226e-13		1.58431099422	0.812	0.629	8.60773e-13
770   	760   	170.348		1.54859766326	0.754	0.605	8.98489e-13		1.58477256989	0.812	0.63	8.59382e-13
770   	760   	170.473		1.54912492987	0.754	0.606	8.96763e-13		1.58523362843	0.813	0.631	8.57998e-13
770   	760   	170.598		1.54965163903	0.754	0.607	8.95046e-13		1.58569416942	0.813	0.632	8.56619e-13
770   	760   	170.723		1.55017778895	0.754	0.607	8.9334e-13		1.58615419243	0.813	0.632	8.55247e-13
770   	760   	170.849		1.55070337787	0.754	0.608	8.91644e-13		1.58661369706	0.813	0.633	8.53882e-13
770   	760   	170.974		1.55122840406	0.754	0.609	8.89958e-13		1.58707268289	0.813	0.634	8.52522e-13
770   	760   	171.099		1.55175286583	0.754	0.61	8.88281e-13		1.58753114955	0.813	0.634	8.51169e-13
770   	760   	171.224		1.55227676151	0.754	0.611	8.86615e-13		1.58798909665	0.813	0.635	8.49822e-13
770   	760   	171.349		1.55280008947	0.754	0.611	8.84958e-13		1.58844652382	0.813	0.636	8.4848e-13
770   	760   	171.474		1.55332284811	0.754	0.612	8.8331e-13		1.58890343072	0.813	0.636	8.47145e-13
770   	760   	171.6 		1.55384503588	0.755	0.613	8.81672e-13		1.589359817 	0.813	0.637	8.45816e-13
770   	760   	171.725		1.55436665123	0.755	0.614	8.80044e-13		1.58981568233	0.813	0.638	8.44493e-13
770   	760   	171.85		1.55488769266	0.755	0.615	8.78424e-13		1.59027102637	0.813	0.638	8.43176e-13
770   	760   	171.975		1.55540815869	0.755	0.615	8.76814e-13		1.59072584883	0.813	0.639	8.41864e-13
770   	760   	172.1 		1.55592804789	0.755	0.616	8.75213e-13		1.5911801494	0.813	0.639	8.40559e-13
770   	760   	172.225		1.55644735883	0.755	0.617	8.73621e-13		1.59163392779	0.814	0.64	8.39259e-13
770   	760   	172.351		1.55696609013	0.755	0.618	8.72038e-13		1.59208718371	0.814	0.641	8.37965e-13
770   	760   	172.476		1.55748424043	0.755	0.618	8.70463e-13		1.5925399169	0.814	0.641	8.36677e-13
770   	760   	172.601		1.55800180842	0.755	0.619	8.68898e-13		1.5929921271	0.814	0.642	8.35394e-13
770   	760   	172.726		1.55851879277	0.756	0.62	8.67341e-13		1.59344381406	0.814	0.643	8.34117e-13
770   	760   	172.851		1.55903519224	0.756	0.621	8.65792e-13		1.59389497754	0.814	0.643	8.32845e-13
770   	760   	172.976		1.55955100556	0.756	0.621	8.64252e-13		1.5943456173	0.814	0.644	8.3158e-13
770   	760   	173.102		1.56006623152	0.756	0.622	8.62721e-13		1.59479573313	0.814	0.645	8.30319e-13
770   	760   	173.227		1.56058086893	0.756	0.623	8.61198e-13		1.59524532482	0.814	0.645	8.29064e-13
770   	760   	173.352		1.56109491662	0.756	0.624	8.59683e-13		1.59569439217	0.814	0.646	8.27815e-13
770   	760   	173.477		1.56160837347	0.756	0.624	8.58176e-13		1.59614293498	0.814	0.647	8.26571e-13
770   	760   	173.602		1.56212123834	0.756	0.625	8.56678e-13		1.59659095307	0.814	0.647	8.25332e-13
770   	760   	173.727		1.56263351016	0.757	0.626	8.55188e-13		1.59703844626	0.814	0.648	8.24099e-13
770   	760   	173.853		1.56314518787	0.757	0.627	8.53705e-13		1.59748541441	0.815	0.649	8.22871e-13
770   	760   	173.978		1.56365627042	0.757	0.627	8.52231e-13		1.59793185734	0.815	0.649	8.21648e-13
770   	760   	174.103		1.56416675681	0.757	0.628	8.50764e-13		1.59837777492	0.815	0.65	8.20431e-13
770   	760   	174.228		1.56467664603	0.757	0.629	8.49305e-13		1.598823167 	0.815	0.65	8.19218e-13
770   	760   	174.353		1.56518593714	0.757	0.63	8.47854e-13		1.59926803347	0.815	0.651	8.18011e-13
770   	760   	174.478		1.56569462918	0.757	0.63	8.4641e-13		1.5997123742	0.815	0.652	8.16809e-13
770   	760   	174.604		1.56620272124	0.757	0.631	8.44974e-13		1.60015618907	0.815	0.652	8.15612e-13
770   	760   	174.729		1.56671021243	0.758	0.632	8.43545e-13		1.600599478 	0.815	0.653	8.1442e-13
770   	760   	174.854		1.56721710186	0.758	0.633	8.42124e-13		1.60104224088	0.815	0.654	8.13233e-13
770   	760   	174.979		1.5677233887	0.758	0.633	8.40711e-13		1.60148447763	0.815	0.654	8.12051e-13
770   	760   	175.104		1.5682290721	0.758	0.634	8.39304e-13		1.60192618817	0.815	0.655	8.10875e-13
770   	760   	175.229		1.56873415127	0.758	0.635	8.37905e-13		1.60236737244	0.815	0.655	8.09703e-13
770   	760   	175.355		1.56923862543	0.758	0.635	8.36513e-13		1.60280803037	0.815	0.656	8.08535e-13
770   	760   	175.48		1.5697424938	0.758	0.636	8.35128e-13		1.60324816192	0.816	0.657	8.07373e-13
770   	760   	175.605		1.57024575564	0.758	0.637	8.3375e-13		1.60368776703	0.816	0.657	8.06216e-13
770   	760   	175.73		1.57074841024	0.759	0.638	8.32379e-13		1.60412684568	0.816	0.658	8.05063e-13
770   	760   	175.855		1.57125045689	0.759	0.638	8.31015e-13		1.60456539783	0.816	0.659	8.03916e-13
770   	760   	175.98		1.57175189491	0.759	0.639	8.29658e-13		1.60500342346	0.816	0.659	8.02772e-13
770   	760   	176.106		1.57225272364	0.759	0.64	8.28308e-13		1.60544092257	0.816	0.66	8.01634e-13
770   	760   	176.231		1.57275294245	0.759	0.64	8.26964e-13		1.60587789514	0.816	0.66	8.005e-13
770   	760   	176.356		1.5732525507	0.759	0.641	8.25628e-13		1.60631434117	0.816	0.661	7.99371e-13
770   	760   	176.481		1.5737515478	0.759	0.642	8.24297e-13		1.60675026069	0.816	0.662	7.98247e-13
770   	760   	176.606		1.57424993316	0.76	0.643	8.22974e-13		1.60718565369	0.816	0.662	7.97127e-13
770   	760   	176.731		1.57474770622	0.76	0.643	8.21657e-13		1.60762052022	0.816	0.663	7.96012e-13
770   	760   	176.857		1.57524486644	0.76	0.644	8.20346e-13		1.60805486029	0.817	0.663	7.94901e-13
770   	760   	176.982		1.57574141328	0.76	0.645	8.19042e-13		1.60848867396	0.817	0.664	7.93795e-13
770   	760   	177.107		1.57623734624	0.76	0.645	8.17745e-13		1.60892196126	0.817	0.665	7.92693e-13
770   	760   	177.232		1.57673266483	0.76	0.646	8.16453e-13		1.60935472224	0.817	0.665	7.91596e-13
770   	760   	177.357		1.57722736857	0.76	0.647	8.15168e-13		1.60978695698	0.817	0.666	7.90503e-13
770   	760   	177.482		1.57772145701	0.761	0.647	8.13889e-13		1.61021866552	0.817	0.666	7.89415e-13
770   	760   	177.608		1.5782149297	0.761	0.648	8.12617e-13		1.61064984796	0.817	0.667	7.88331e-13
770   	760   	177.733		1.57870778624	0.761	0.649	8.1135e-13		1.61108050436	0.817	0.668	7.87251e-13
770   	760   	177.858		1.5792000262	0.761	0.649	8.10089e-13		1.61151063481	0.817	0.668	7.86176e-13
770   	760   	177.983		1.57969164921	0.761	0.65	8.08835e-13		1.61194023942	0.817	0.669	7.85105e-13
770   	760   	178.108		1.58018265489	0.761	0.651	8.07587e-13		1.61236931827	0.817	0.669	7.84038e-13
770   	760   	178.233		1.58067304288	0.761	0.651	8.06344e-13		1.61279787147	0.818	0.67	7.82975e-13
770   	760   	178.358		1.58116281286	0.762	0.652	8.05107e-13		1.61322589914	0.818	0.671	7.81917e-13
770   	760   	178.484		1.58165196448	0.762	0.653	8.03877e-13		1.6136534014	0.818	0.671	7.80863e-13
770   	760   	178.609		1.58214049745	0.762	0.654	8.02652e-13		1.61408037837	0.818	0.672	7.79812e-13
770   	760   	178.734		1.58262841147	0.762	0.654	8.01432e-13		1.61450683018	0.818	0.672	7.78767e-13
770   	760   	178.859		1.58311570627	0.762	0.655	8.00219e-13		1.61493275698	0.818	0.673	7.77725e-13
770   	760   	178.984		1.58360238158	0.762	0.656	7.99011e-13		1.6153581589	0.818	0.673	7.76687e-13
770   	760   	179.109		1.58408843715	0.762	0.656	7.97809e-13		1.61578303609	0.818	0.674	7.75653e-13
770   	760   	179.235		1.58457387276	0.763	0.657	7.96612e-13		1.61620738871	0.818	0.675	7.74624e-13
770   	760   	179.36		1.58505868818	0.763	0.658	7.95421e-13		1.61663121693	0.818	0.675	7.73598e-13
770   	760   	179.485		1.58554288321	0.763	0.658	7.94235e-13		1.61705452091	0.818	0.676	7.72577e-13
770   	760   	179.61		1.58602645767	0.763	0.659	7.93055e-13		1.61747730082	0.819	0.676	7.71559e-13
770   	760   	179.735		1.58650941136	0.763	0.659	7.9188e-13		1.61789955684	0.819	0.677	7.70545e-13
770   	760   	179.86		1.58699174414	0.763	0.66	7.90711e-13		1.61832128916	0.819	0.677	7.69535e-13
770   	760   	179.986		1.58747345586	0.763	0.661	7.89547e-13		1.61874249796	0.819	0.678	7.68529e-13
770   	760   	180.111		1.58795454637	0.764	0.661	7.88388e-13		1.61916318345	0.819	0.679	7.67527e-13
770   	760   	180.236		1.58843501556	0.764	0.662	7.87234e-13		1.61958334582	0.819	0.679	7.66529e-13
770   	760   	180.361		1.58891486332	0.764	0.663	7.86086e-13		1.62000298528	0.819	0.68	7.65535e-13
770   	760   	180.486		1.58939408955	0.764	0.663	7.84943e-13		1.62042210205	0.819	0.68	7.64544e-13
770   	760   	180.611		1.58987269418	0.764	0.664	7.83805e-13		1.62084069633	0.819	0.681	7.63558e-13
770   	760   	180.737		1.59035067712	0.764	0.665	7.82672e-13		1.62125876836	0.819	0.681	7.62574e-13
770   	760   	180.862		1.59082803833	0.765	0.665	7.81544e-13		1.62167631836	0.82	0.682	7.61595e-13
770   	760   	180.987		1.59130477776	0.765	0.666	7.80421e-13		1.62209334656	0.82	0.683	7.6062e-13
770   	760   	181.112		1.59178089538	0.765	0.667	7.79303e-13		1.6225098532	0.82	0.683	7.59648e-13
770   	760   	181.237		1.59225639116	0.765	0.667	7.7819e-13		1.62292583852	0.82	0.684	7.5868e-13
770   	760   	181.362		1.59273126509	0.765	0.668	7.77082e-13		1.62334130278	0.82	0.684	7.57715e-13
770   	760   	181.488		1.59320551718	0.765	0.668	7.75979e-13		1.62375624622	0.82	0.685	7.56754e-13
770   	760   	181.613		1.59367914745	0.765	0.669	7.74881e-13		1.6241706691	0.82	0.685	7.55797e-13
770   	760   	181.738		1.59415215592	0.766	0.67	7.73787e-13		1.62458457169	0.82	0.686	7.54843e-13
770   	760   	181.863		1.59462454262	0.766	0.67	7.72699e-13		1.62499795425	0.82	0.686	7.53893e-13
770   	760   	181.988		1.5950963076	0.766	0.671	7.71615e-13		1.62541081705	0.82	0.687	7.52946e-13
770   	760   	182.113		1.59556745093	0.766	0.672	7.70535e-13		1.62582316038	0.821	0.688	7.52003e-13
770   	760   	182.239		1.59603797267	0.766	0.672	7.69461e-13		1.6262349845	0.821	0.688	7.51064e-13
770   	760   	182.364		1.5965078729	0.766	0.673	7.68391e-13		1.62664628972	0.821	0.689	7.50128e-13
770   	760   	182.489		1.59697715172	0.767	0.673	7.67325e-13		1.62705707631	0.821	0.689	7.49195e-13
770   	760   	182.614		1.59744580923	0.767	0.674	7.66265e-13		1.62746734458	0.821	0.69	7.48266e-13
770   	760   	182.739		1.59791384553	0.767	0.675	7.65208e-13		1.62787709481	0.821	0.69	7.4734e-13
770   	760   	182.864		1.59838126076	0.767	0.675	7.64157e-13		1.62828632732	0.821	0.691	7.46418e-13
770   	760   	182.99		1.59884805505	0.767	0.676	7.63109e-13		1.62869504242	0.821	0.691	7.45499e-13
770   	760   	183.115		1.59931422853	0.767	0.677	7.62067e-13		1.62910324041	0.821	0.692	7.44583e-13
770   	760   	183.24		1.59977978136	0.768	0.677	7.61028e-13		1.62951092161	0.821	0.692	7.43671e-13
770   	760   	183.365		1.60024471371	0.768	0.678	7.59994e-13		1.62991808635	0.822	0.693	7.42762e-13
770   	760   	183.49		1.60070902573	0.768	0.678	7.58964e-13		1.63032473494	0.822	0.694	7.41857e-13
770   	760   	183.615		1.60117271763	0.768	0.679	7.57939e-13		1.63073086772	0.822	0.694	7.40954e-13
770   	760   	183.741		1.60163578958	0.768	0.68	7.56918e-13		1.63113648502	0.822	0.695	7.40055e-13
770   	760   	183.866		1.60209824179	0.768	0.68	7.55901e-13		1.63154158717	0.822	0.695	7.3916e-13
770   	760   	183.991		1.60256007446	0.769	0.681	7.54889e-13		1.63194617451	0.822	0.696	7.38267e-13
770   	760   	184.116		1.60302128781	0.769	0.681	7.53881e-13		1.6323502474	0.822	0.696	7.37378e-13
770   	760   	184.241		1.60348188208	0.769	0.682	7.52876e-13		1.63275380618	0.822	0.697	7.36492e-13
770   	760   	184.366		1.60394185749	0.769	0.683	7.51876e-13		1.6331568512	0.822	0.697	7.35609e-13
770   	760   	184.492		1.60440121429	0.769	0.683	7.50881e-13		1.63355938281	0.823	0.698	7.34729e-13
770   	760   	184.617		1.60485995273	0.769	0.684	7.49889e-13		1.63396140138	0.823	0.698	7.33853e-13
770   	760   	184.742		1.60531807308	0.769	0.684	7.48901e-13		1.63436290728	0.823	0.699	7.32979e-13
770   	760   	184.867		1.6057755756	0.77	0.685	7.47918e-13		1.63476390086	0.823	0.699	7.32109e-13
770   	760   	184.992		1.60623246057	0.77	0.686	7.46938e-13		1.63516438249	0.823	0.7	7.31242e-13
770   	760   	185.117		1.60668872828	0.77	0.686	7.45962e-13		1.63556435256	0.823	0.7	7.30378e-13
770   	760   	185.243		1.60714437902	0.77	0.687	7.44991e-13		1.63596381144	0.823	0.701	7.29517e-13
770   	760   	185.368		1.60759941309	0.77	0.687	7.44023e-13		1.63636275952	0.823	0.701	7.28659e-13
770   	760   	185.493		1.60805383081	0.77	0.688	7.43059e-13		1.63676119717	0.823	0.702	7.27804e-13
770   	760   	185.618		1.60850763249	0.771	0.688	7.42099e-13		1.63715912478	0.823	0.702	7.26952e-13
770   	760   	185.743		1.60896081845	0.771	0.689	7.41143e-13		1.63755654275	0.824	0.703	7.26103e-13
770   	760   	185.868		1.60941338903	0.771	0.69	7.40191e-13		1.63795345147	0.824	0.703	7.25257e-13
770   	760   	185.993		1.60986534457	0.771	0.69	7.39243e-13		1.63834985133	0.824	0.704	7.24414e-13
770   	760   	186.119		1.61031668542	0.771	0.691	7.38298e-13		1.63874574275	0.824	0.705	7.23574e-13
770   	760   	186.244		1.61076741192	0.771	0.691	7.37357e-13		1.63914112613	0.824	0.705	7.22737e-13
770   	760   	186.369		1.61121752445	0.772	0.692	7.3642e-13		1.63953600186	0.824	0.706	7.21903e-13
770   	760   	186.494		1.61166702337	0.772	0.692	7.35487e-13		1.63993037037	0.824	0.706	7.21072e-13
770   	760   	186.619		1.61211590906	0.772	0.693	7.34557e-13		1.64032423206	0.824	0.707	7.20244e-13
770   	760   	186.744		1.61256418189	0.772	0.694	7.33631e-13		1.64071758736	0.824	0.707	7.19418e-13
770   	760   	186.87		1.61301184226	0.772	0.694	7.32708e-13		1.64111043668	0.825	0.708	7.18596e-13
770   	760   	186.995		1.61345889056	0.773	0.695	7.3179e-13		1.64150278045	0.825	0.708	7.17776e-13
770   	760   	187.12		1.61390532721	0.773	0.695	7.30874e-13		1.6418946191	0.825	0.709	7.16959e-13
770   	760   	187.245		1.61435115259	0.773	0.696	7.29963e-13		1.64228595304	0.825	0.709	7.16145e-13
770   	760   	187.37		1.61479636714	0.773	0.696	7.29055e-13		1.64267678272	0.825	0.71	7.15334e-13
