Effective Refractive Indices:
rel_box_size:     0.001
rel_grid_spacing: 20
rel_tolerance:    0
eigenvectors:     4
boundary cond:    0000
Wavelengths from 1 um to 2 um in 50 steps
Heights from 0.8 um to 0.8 um in 1 steps
Widths from 1.2 um to 1.2 um in 1 steps
height	width	frequency	Ex_n_eff		Ex_frac	Ex_core	Ex_A_eff		Ey_n_eff		Ey_frac	Ey_core	Ey_A_eff
800   	1200  	149.896		1.64962777077	0.837	0.75	1.0464e-12		1.61106244356	0.793	0.622	1.43275e-12
800   	1200  	152.955		1.66121791312	0.842	0.763	1.01619e-12		1.62314988257	0.795	0.64	1.37178e-12
800   	1200  	156.014		1.6723038792	0.846	0.776	9.88807e-13		1.63482256086	0.798	0.656	1.31734e-12
800   	1200  	159.074		1.68290932674	0.851	0.787	9.63863e-13		1.64608509502	0.801	0.672	1.26844e-12
800   	1200  	162.133		1.69305769509	0.856	0.798	9.41042e-13		1.65694481834	0.804	0.687	1.22429e-12
800   	1200  	165.192		1.70277190098	0.86	0.808	9.20079e-13		1.66741108801	0.807	0.701	1.18424e-12
800   	1200  	168.251		1.7120741348	0.865	0.817	9.00754e-13		1.67749472912	0.81	0.714	1.14775e-12
800   	1200  	171.31		1.72098573014	0.869	0.826	8.82881e-13		1.68720759038	0.814	0.727	1.11438e-12
800   	1200  	174.369		1.72952708663	0.873	0.834	8.663e-13		1.6965621911	0.817	0.739	1.08375e-12
800   	1200  	177.428		1.73771763118	0.877	0.842	8.50875e-13		1.70557144238	0.82	0.75	1.05554e-12
800   	1200  	180.487		1.74557580691	0.88	0.849	8.36488e-13		1.71424842848	0.824	0.761	1.02948e-12
800   	1200  	183.546		1.75311908154	0.884	0.856	8.23037e-13		1.7226062369	0.827	0.771	1.00533e-12
800   	1200  	186.606		1.76036396935	0.888	0.862	8.10434e-13		1.73065782767	0.831	0.781	9.82908e-13
800   	1200  	189.665		1.76732606238	0.891	0.868	7.986e-13		1.7384159343	0.834	0.79	9.62025e-13
800   	1200  	192.724		1.77402006743	0.894	0.874	7.87467e-13		1.74589299005	0.837	0.799	9.42535e-13
800   	1200  	195.783		1.7804598467	0.897	0.879	7.76973e-13		1.75310107443	0.841	0.807	9.24306e-13
800   	1200  	198.842		1.78665846024	0.9	0.885	7.67066e-13		1.76005187588	0.844	0.815	9.07221e-13
800   	1200  	201.901		1.79262820892	0.903	0.889	7.57696e-13		1.76675666716	0.847	0.822	8.91177e-13
800   	1200  	204.96		1.79838067708	0.906	0.894	7.48822e-13		1.77322629087	0.85	0.829	8.76085e-13
800   	1200  	208.019		1.8039267742	0.909	0.898	7.40404e-13		1.77947115282	0.854	0.836	8.61864e-13
800   	1200  	211.078		1.80927677525	0.911	0.902	7.32408e-13		1.78550122154	0.857	0.842	8.48441e-13
800   	1200  	214.137		1.81444035931	0.914	0.906	7.24804e-13		1.79132603246	0.86	0.848	8.35754e-13
800   	1200  	217.197		1.81942664635	0.916	0.91	7.17562e-13		1.79695469569	0.863	0.854	8.23743e-13
800   	1200  	220.256		1.82424423218	0.918	0.913	7.10657e-13		1.80239590642	0.865	0.859	8.12358e-13
800   	1200  	223.315		1.82890122133	0.921	0.916	7.04067e-13		1.80765795723	0.868	0.865	8.01552e-13
800   	1200  	226.374		1.83340525811	0.923	0.919	6.9777e-13		1.81274875178	0.871	0.87	7.91283e-13
800   	1200  	229.433		1.8377635557	0.925	0.922	6.91746e-13		1.81767581932	0.874	0.874	7.81512e-13
800   	1200  	232.492		1.84198292348	0.927	0.925	6.85979e-13		1.82244632975	0.876	0.879	7.72204e-13
800   	1200  	235.551		1.84606979253	0.929	0.928	6.80452e-13		1.8270671089	0.879	0.883	7.63329e-13
800   	1200  	238.61		1.85003023956	0.93	0.93	6.7515e-13		1.83154465384	0.881	0.887	7.54857e-13
800   	1200  	241.669		1.85387000917	0.932	0.933	6.70059e-13		1.83588514801	0.884	0.891	7.46762e-13
800   	1200  	244.729		1.85759453471	0.934	0.935	6.65168e-13		1.84009447604	0.886	0.895	7.3902e-13
800   	1200  	247.788		1.86120895767	0.936	0.937	6.60464e-13		1.8441782383	0.888	0.899	7.31608e-13
800   	1200  	250.847		1.86471814585	0.937	0.939	6.55937e-13		1.84814176484	0.891	0.902	7.24507e-13
800   	1200  	253.906		1.86812671018	0.939	0.941	6.51577e-13		1.85199012896	0.893	0.905	7.17698e-13
800   	1200  	256.965		1.87143902058	0.94	0.943	6.47375e-13		1.85572816021	0.895	0.909	7.11163e-13
800   	1200  	260.024		1.87465922055	0.942	0.945	6.43321e-13		1.85936045683	0.897	0.912	7.04886e-13
800   	1200  	263.083		1.87779124094	0.943	0.947	6.3941e-13		1.86289139765	0.899	0.914	6.98853e-13
800   	1200  	266.142		1.88083881274	0.944	0.949	6.35632e-13		1.86632515346	0.901	0.917	6.9305e-13
800   	1200  	269.201		1.88380547895	0.946	0.95	6.31981e-13		1.86966569779	0.903	0.92	6.87465e-13
800   	1200  	272.26		1.88669460577	0.947	0.952	6.28451e-13		1.87291681717	0.905	0.922	6.82085e-13
800   	1200  	275.32		1.88950939295	0.948	0.953	6.25036e-13		1.8760821209	0.906	0.925	6.769e-13
800   	1200  	278.379		1.89225288354	0.949	0.955	6.2173e-13		1.87916505029	0.908	0.927	6.71899e-13
800   	1200  	281.438		1.89492797291	0.95	0.956	6.18528e-13		1.88216888738	0.91	0.93	6.67073e-13
800   	1200  	284.497		1.89753741726	0.951	0.957	6.15425e-13		1.88509676326	0.912	0.932	6.62414e-13
800   	1200  	287.556		1.90008384151	0.952	0.959	6.12416e-13		1.88795166592	0.913	0.934	6.57912e-13
800   	1200  	290.615		1.90256974675	0.953	0.96	6.09498e-13		1.89073644764	0.915	0.936	6.5356e-13
800   	1200  	293.674		1.90499751715	0.954	0.961	6.06665e-13		1.89345383203	0.916	0.938	6.49351e-13
800   	1200  	296.733		1.90736942646	0.955	0.962	6.03915e-13		1.89610642065	0.918	0.94	6.45279e-13
800   	1200  	299.792		1.90968764409	0.956	0.963	6.01243e-13		1.89869669926	0.919	0.941	6.41336e-13
