Effective Refractive Indices:
rel_box_size:     0.001
rel_grid_spacing: 20
rel_tolerance:    0
eigenvectors:     4
boundary cond:    0000
Wavelengths from 0.3 um to 2.5 um in 170 steps
Heights from 0.31 um to 0.35 um in 2 steps
Widths from 1.7 um to 1.8 um in 2 steps
height	width	frequency	Ex_n_eff		Ex_frac	Ex_core	Ex_A_eff		Ey_n_eff		Ey_frac	Ey_core	Ey_A_eff
310   	1700  	119.917		1.85603419506	0.951	0.339	2.94092e-12		1.73448364774	0.328	0.161	1.95746e-11
310   	1700  	125.12		1.87563719777	0.953	0.355	2.72857e-12		nan         	nan	nan	nan   
310   	1700  	130.324		1.89382710626	0.955	0.369	2.55058e-12		1.78056604927	0.525	0.229	8.26167e-12
310   	1700  	135.527		1.91072852196	0.957	0.383	2.39956e-12		1.80260168632	0.6	0.258	5.94546e-12
310   	1700  	140.731		1.92645560816	0.958	0.396	2.26998e-12		1.82375490496	0.653	0.283	4.63767e-12
310   	1700  	145.934		1.94111248488	0.96	0.407	2.15773e-12		1.84390463191	0.691	0.305	3.83854e-12
310   	1700  	151.138		1.95479378344	0.962	0.418	2.05962e-12		1.86299466141	0.719	0.324	3.3082e-12
310   	1700  	156.341		1.96758530119	0.964	0.428	1.9732e-12		1.88101828198	0.74	0.342	2.93125e-12
310   	1700  	161.545		1.97956470291	0.965	0.438	1.89655e-12		1.89800007756	0.757	0.359	2.64882e-12
310   	1700  	166.748		1.99080222924	0.967	0.447	1.82812e-12		1.91398270493	0.772	0.374	2.42864e-12
310   	1700  	171.952		2.00136138497	0.968	0.455	1.76668e-12		1.92901841328	0.784	0.388	2.25173e-12
310   	1700  	177.155		2.0112995905	0.97	0.463	1.71122e-12		1.94316378751	0.795	0.402	2.10622e-12
310   	1700  	182.359		2.02066878718	0.971	0.47	1.66092e-12		1.95647651709	0.805	0.414	1.98431e-12
310   	1700  	187.562		2.02951599261	0.972	0.477	1.6151e-12		1.96901342551	0.814	0.426	1.88062e-12
310   	1700  	192.766		2.03788380519	0.973	0.484	1.57319e-12		1.98082929293	0.822	0.438	1.79133e-12
310   	1700  	197.969		2.04581085959	0.974	0.49	1.53471e-12		1.99197618488	0.83	0.448	1.71362e-12
310   	1700  	203.173		2.05333223589	0.975	0.496	1.49927e-12		2.0025031072	0.837	0.458	1.64538e-12
310   	1700  	208.376		2.06047982598	0.976	0.501	1.4665e-12		2.01245587177	0.844	0.468	1.58498e-12
310   	1700  	213.58		2.06728266077	0.977	0.507	1.43614e-12		2.02187709752	0.85	0.477	1.53116e-12
310   	1700  	218.783		2.0737672021	0.978	0.512	1.40791e-12		2.03080629675	0.856	0.485	1.48291e-12
310   	1700  	223.987		2.03928001305	0.0145	0.493	1.43941e-12		2.07995760297	0.00142	0.516	1.3816e-12
310   	1700  	229.19		2.04733198857	0.0131	0.5	1.4e-12		2.0858759393	0.00135	0.521	1.35703e-12
310   	1700  	234.394		2.05499334526	0.0119	0.508	1.36414e-12		2.09154241648	0.00129	0.525	1.33402e-12
310   	1700  	239.597		2.06229277041	0.0108	0.514	1.33137e-12		2.09697555346	0.00123	0.529	1.31243e-12
310   	1700  	244.801		2.06925669965	0.00984	0.521	1.30132e-12		2.10219234694	0.00117	0.533	1.29213e-12
310   	1700  	250.004		2.07590949357	0.00899	0.527	1.27366e-12		2.10720841784	0.00112	0.537	1.27301e-12
310   	1700  	255.208		2.08227360529	0.00824	0.532	1.24813e-12		2.11203814219	0.00107	0.541	1.25496e-12
310   	1700  	260.411		2.08836973765	0.00756	0.538	1.22449e-12		2.11669476816	0.00102	0.544	1.23791e-12
310   	1700  	265.615		2.09421698961	0.00696	0.543	1.20253e-12		2.12119052078	0.000978	0.548	1.22176e-12
310   	1700  	270.818		2.09983299148	0.00641	0.548	1.1821e-12		2.12553669579	0.000936	0.551	1.20645e-12
310   	1700  	276.022		2.10523402958	0.00592	0.553	1.16303e-12		2.12974374388	0.000897	0.554	1.19191e-12
310   	1700  	281.225		2.11043516042	0.00548	0.557	1.1452e-12		2.13382134632	0.00086	0.557	1.17809e-12
310   	1700  	286.429		2.11545031539	0.00508	0.562	1.12849e-12		2.13777848296	0.000825	0.56	1.16493e-12
310   	1700  	291.632		2.12029239621	0.00471	0.566	1.1128e-12		2.14162349352	0.000791	0.563	1.15238e-12
310   	1700  	296.836		2.12497336208	0.00438	0.57	1.09804e-12		2.14536413286	0.00076	0.565	1.14041e-12
310   	1700  	302.039		2.12950430914	0.00408	0.573	1.08413e-12		2.14900762077	0.00073	0.568	1.12897e-12
310   	1700  	307.243		2.13389554279	0.0038	0.577	1.071e-12		2.15256068714	0.000702	0.57	1.11803e-12
310   	1700  	312.446		2.13815664357	0.00355	0.58	1.05858e-12		2.1560296127	0.000676	0.573	1.10755e-12
310   	1700  	317.65		2.14229652714	0.00331	0.584	1.04683e-12		2.15942026604	0.00065	0.575	1.09751e-12
310   	1700  	322.853		2.14632349895	0.0031	0.587	1.03568e-12		2.16273813713	0.000626	0.577	1.08788e-12
310   	1700  	328.057		2.15024530398	0.0029	0.59	1.0251e-12		2.16598836783	0.000604	0.579	1.07863e-12
310   	1700  	333.26		2.15406917208	0.00272	0.593	1.01503e-12		2.16917577961	0.000582	0.582	1.06974e-12
310   	1700  	338.464		2.15780185936	0.00256	0.596	1.00545e-12		2.17230489882	0.000561	0.584	1.06119e-12
310   	1700  	343.667		2.1614496859	0.0024	0.598	9.96323e-13		2.17537997968	0.000541	0.586	1.05296e-12
310   	1700  	348.871		2.16501857016	0.00226	0.601	9.87611e-13		2.17840502534	0.000523	0.588	1.04503e-12
310   	1700  	354.074		2.16851406047	0.00213	0.603	9.7929e-13		2.18138380709	0.000505	0.589	1.03739e-12
310   	1700  	359.278		2.17194136378	0.00201	0.606	9.71333e-13		2.18431988194	0.000488	0.591	1.03001e-12
310   	1700  	364.481		2.17530537194	0.00189	0.608	9.63718e-13		2.18721660871	0.000471	0.593	1.02289e-12
310   	1700  	369.685		2.17861068582	0.00179	0.61	9.56423e-13		2.19007716284	0.000456	0.595	1.01601e-12
310   	1700  	374.888		2.18186163739	0.00169	0.612	9.49427e-13		2.19290454996	0.000441	0.596	1.00936e-12
310   	1700  	380.092		2.18506230994	0.0016	0.614	9.42713e-13		2.19570161833	0.000427	0.598	1.00293e-12
310   	1700  	385.295		2.18821655667	0.00151	0.616	9.36264e-13		2.19847107034	0.000413	0.6	9.967e-13
310   	1700  	390.499		2.19132801778	0.00143	0.618	9.30064e-13		2.2012154731	0.0004	0.601	9.90669e-13
310   	1700  	395.702		2.19440013619	0.00136	0.62	9.24099e-13		2.20393726818	0.000388	0.603	9.84825e-13
310   	1700  	400.906		2.19743617195	0.00129	0.622	9.18356e-13		2.20663878063	0.000376	0.604	9.79158e-13
310   	1700  	406.109		2.20043921561	0.00122	0.624	9.12822e-13		2.20932222733	0.000364	0.606	9.73661e-13
310   	1700  	411.313		2.2034122005	0.00116	0.625	9.07486e-13		2.21198972466	0.000353	0.607	9.68325e-13
310   	1700  	416.516		2.20635791404	0.0011	0.627	9.02337e-13		2.21464329569	0.000343	0.608	9.63144e-13
310   	1700  	421.72		2.20927900826	0.00105	0.628	8.97366e-13		2.21728487677	0.000333	0.61	9.5811e-13
310   	1700  	426.923		2.21217800949	0.000999	0.63	8.92563e-13		2.21991632373	0.000323	0.611	9.53216e-13
310   	1700  	432.127		2.21505732732	0.000952	0.631	8.8792e-13		2.22253941757	0.000314	0.612	9.48457e-13
310   	1700  	437.33		2.21791926295	0.000907	0.633	8.83429e-13		2.22515586983	0.000305	0.614	9.43827e-13
310   	1700  	442.534		2.2207660169	0.000865	0.634	8.79082e-13		2.22776732751	0.000296	0.615	9.39321e-13
310   	1700  	447.737		2.22359969618	0.000825	0.636	8.74872e-13		2.23037537778	0.000288	0.616	9.34932e-13
310   	1700  	452.941		2.226422321 	0.000787	0.637	8.70793e-13		2.23298155223	0.00028	0.617	9.30657e-13
310   	1700  	458.144		2.22923583093	0.000752	0.638	8.66838e-13		2.23558733099	0.000272	0.618	9.26491e-13
310   	1700  	463.348		2.23204209075	0.000719	0.639	8.63002e-13		2.23819414653	0.000265	0.619	9.22429e-13
310   	1700  	468.551		2.2348428958	0.000687	0.641	8.5928e-13		2.2408033872	0.000258	0.621	9.18468e-13
310   	1700  	473.755		2.23763997707	0.000657	0.642	8.55665e-13		2.24341640059	0.000251	0.622	9.14602e-13
310   	1700  	478.958		2.24043500594	0.000629	0.643	8.52154e-13		2.24603449669	0.000244	0.623	9.10829e-13
310   	1700  	484.162		2.24322959855	0.000602	0.644	8.48742e-13		2.2486589509	0.000238	0.624	9.07146e-13
310   	1700  	489.365		2.24602532001	0.000577	0.645	8.45425e-13		2.25129100676	0.000231	0.625	9.03548e-13
310   	1700  	494.569		2.24882368829	0.000553	0.646	8.42197e-13		2.25393187868	0.000225	0.626	9.00032e-13
310   	1700  	499.772		2.25162617787	0.00053	0.647	8.39057e-13		2.25658275443	0.00022	0.627	8.96596e-13
310   	1700  	504.976		2.25443422323	0.000508	0.648	8.36e-13		2.25924479751	0.000214	0.628	8.93237e-13
310   	1700  	510.179		2.25724922212	0.000488	0.649	8.33022e-13		2.26191914946	0.000209	0.629	8.89952e-13
310   	1700  	515.383		2.26007253861	0.000468	0.65	8.30121e-13		2.264606932 	0.000203	0.629	8.86737e-13
310   	1700  	520.586		2.26290550607	0.00045	0.651	8.27294e-13		2.26730924908	0.000198	0.63	8.83592e-13
310   	1700  	525.79		2.2657494299	0.000432	0.652	8.24537e-13		2.27002718889	0.000194	0.631	8.80513e-13
310   	1700  	530.993		2.2686055902	0.000415	0.653	8.21847e-13		2.27276182576	0.000189	0.632	8.77498e-13
310   	1700  	536.197		2.27147524427	0.000399	0.654	8.19223e-13		2.27551422194	0.000184	0.633	8.74544e-13
310   	1700  	541.4 		2.27435962903	0.000384	0.655	8.16662e-13		2.27828542939	0.00018	0.634	8.71651e-13
310   	1700  	546.604		2.27725996329	0.000369	0.655	8.14161e-13		2.28107649146	0.000176	0.635	8.68815e-13
310   	1700  	551.807		2.28017744997	0.000355	0.656	8.11718e-13		2.28388844454	0.000171	0.635	8.66036e-13
310   	1700  	557.011		2.28311327822	0.000342	0.657	8.09331e-13		2.28672231966	0.000167	0.636	8.6331e-13
310   	1700  	562.214		2.28606862545	0.000329	0.658	8.06999e-13		2.28957914401	0.000163	0.637	8.60637e-13
310   	1700  	567.418		2.2890446593	0.000317	0.658	8.04718e-13		2.2924599425	0.00016	0.638	8.58014e-13
310   	1700  	572.621		2.29204253957	0.000306	0.659	8.02487e-13		2.29536573919	0.000156	0.639	8.5544e-13
310   	1700  	577.825		2.29506342005	0.000295	0.66	8.00305e-13		2.29829755879	0.000152	0.639	8.52914e-13
310   	1700  	583.028		2.29810845034	0.000284	0.661	7.98169e-13		2.30125642806	0.000149	0.64	8.50434e-13
310   	1700  	588.232		2.30117877759	0.000274	0.661	7.96079e-13		2.30424337724	0.000146	0.641	8.47999e-13
310   	1700  	593.435		2.30427554826	0.000264	0.662	7.94032e-13		2.30725944145	0.000142	0.642	8.45607e-13
310   	1700  	598.639		2.30739990982	0.000255	0.663	7.92027e-13		2.31030566206	0.000139	0.642	8.43257e-13
310   	1700  	603.842		2.31055301236	0.000246	0.663	7.90063e-13		2.3133830881	0.000136	0.643	8.40947e-13
310   	1700  	609.046		2.31373601031	0.000238	0.664	7.88138e-13		2.31649277761	0.000133	0.644	8.38677e-13
310   	1700  	614.249		2.31695006407	0.00023	0.665	7.86252e-13		2.31963579905	0.00013	0.644	8.36445e-13
310   	1700  	619.453		2.3201963416	0.000222	0.665	7.84402e-13		2.3228132327	0.000127	0.645	8.34251e-13
310   	1700  	624.656		2.32347602006	0.000215	0.666	7.82588e-13		2.32602617201	0.000125	0.646	8.32092e-13
310   	1700  	629.86		2.32679028746	0.000207	0.666	7.80809e-13		2.32927572506	0.000122	0.646	8.29969e-13
310   	1700  	635.063		2.33014034426	0.0002	0.667	7.79063e-13		2.33256301598	0.000119	0.647	8.27879e-13
310   	1700  	640.267		2.33352740501	0.000194	0.667	7.77349e-13		2.33588918638	0.000117	0.648	8.25823e-13
310   	1700  	645.47		2.33695270003	0.000188	0.668	7.75667e-13		2.33925539688	0.000114	0.648	8.23799e-13
310   	1700  	650.674		2.34041747706	0.000181	0.669	7.74015e-13		2.34266282855	0.000112	0.649	8.21806e-13
310   	1700  	655.877		2.34392300296	0.000176	0.669	7.72393e-13		2.34611268452	0.00011	0.65	8.19844e-13
310   	1700  	661.081		2.34747056544	0.00017	0.67	7.708e-13		2.3496061915	0.000107	0.65	8.17911e-13
310   	1700  	666.284		2.35106147484	0.000165	0.67	7.69234e-13		2.35314460145	0.000105	0.651	8.16007e-13
310   	1700  	671.488		2.35469706589	0.000159	0.671	7.67696e-13		2.35672919322	0.000103	0.651	8.1413e-13
310   	1700  	676.691		2.35837869959	0.000154	0.671	7.66183e-13		2.36036127431	0.000101	0.652	8.12281e-13
310   	1700  	681.895		2.36210776511	0.00015	0.672	7.64696e-13		2.36404218258	9.87e-05	0.652	8.10459e-13
310   	1700  	687.098		2.36588568169	0.000145	0.672	7.63234e-13		2.36777328816	9.67e-05	0.653	8.08662e-13
310   	1700  	692.302		2.36971390071	0.00014	0.673	7.61795e-13		2.37155599534	9.47e-05	0.654	8.0689e-13
310   	1700  	697.505		2.37359390775	0.000136	0.673	7.6038e-13		2.37539174452	9.28e-05	0.654	8.05142e-13
310   	1700  	702.709		2.37752722472	0.000132	0.674	7.58988e-13		2.37928201431	9.09e-05	0.655	8.03419e-13
310   	1700  	707.912		2.38151541213	0.000128	0.674	7.57617e-13		2.38322832364	8.91e-05	0.655	8.01718e-13
310   	1700  	713.116		2.38556007138	0.000124	0.674	7.56268e-13		2.38723223404	8.73e-05	0.656	8.0004e-13
310   	1700  	718.319		2.3896628472	0.00012	0.675	7.5494e-13		2.39129535193	8.56e-05	0.656	7.98384e-13
310   	1700  	723.523		2.39382543013	0.000117	0.675	7.53632e-13		2.3954193311	8.39e-05	0.657	7.96749e-13
310   	1700  	728.726		2.39804955922	0.000113	0.676	7.52344e-13		2.39960587526	8.22e-05	0.657	7.95135e-13
310   	1700  	733.93		2.40233702469	0.00011	0.676	7.51075e-13		2.4038567407	8.06e-05	0.658	7.93541e-13
310   	1700  	739.133		2.40668967086	0.000107	0.677	7.49824e-13		2.40817373911	7.9e-05	0.658	7.91967e-13
310   	1700  	744.337		2.41110939918	0.000104	0.677	7.48592e-13		2.41255874059	7.75e-05	0.659	7.90413e-13
310   	1700  	749.54		2.41559817134	0.000101	0.677	7.47377e-13		2.41701367667	7.6e-05	0.659	7.88877e-13
310   	1700  	754.744		2.42015801266	9.78e-05	0.678	7.4618e-13		2.42154054364	7.45e-05	0.66	7.87359e-13
310   	1700  	759.947		2.42479101552	9.5e-05	0.678	7.44999e-13		2.42614140599	7.3e-05	0.66	7.85859e-13
310   	1700  	765.151		2.42949934312	9.23e-05	0.679	7.43834e-13		2.43081840005	7.16e-05	0.661	7.84376e-13
310   	1700  	770.354		2.43428523332	8.97e-05	0.679	7.42686e-13		2.4355737378	7.02e-05	0.661	7.8291e-13
310   	1700  	775.558		2.43915100274	8.71e-05	0.679	7.41553e-13		2.44040971097	6.88e-05	0.662	7.81461e-13
310   	1700  	780.761		2.44409905113	8.47e-05	0.68	7.40434e-13		2.44532869532	6.75e-05	0.662	7.80027e-13
310   	1700  	785.965		2.44913186593	8.23e-05	0.68	7.39331e-13		2.45033315516	6.62e-05	0.663	7.78609e-13
310   	1700  	791.168		2.45425202711	8e-05	0.68	7.38242e-13		2.45542564819	6.49e-05	0.663	7.77207e-13
310   	1700  	796.372		2.45946221236	7.78e-05	0.681	7.37167e-13		2.46060883061	6.37e-05	0.664	7.75819e-13
310   	1700  	801.575		2.46476520248	7.57e-05	0.681	7.36105e-13		2.46588546254	6.24e-05	0.664	7.74446e-13
310   	1700  	806.779		2.47016388723	7.36e-05	0.682	7.35056e-13		2.47125841374	6.12e-05	0.665	7.73086e-13
310   	1700  	811.982		2.47566127145	7.16e-05	0.682	7.34021e-13		2.47673066979	6.01e-05	0.665	7.71741e-13
310   	1700  	817.186		2.48126048164	6.96e-05	0.682	7.32998e-13		2.48230533857	5.89e-05	0.666	7.70408e-13
310   	1700  	822.389		2.48696477287	6.77e-05	0.683	7.31987e-13		2.48798565722	5.78e-05	0.666	7.69089e-13
310   	1700  	827.593		2.49277753626	6.59e-05	0.683	7.30988e-13		2.49377499951	5.67e-05	0.666	7.67782e-13
310   	1700  	832.796		2.49870230687	6.41e-05	0.683	7.30001e-13		2.49967688376	5.56e-05	0.667	7.66488e-13
310   	1700  	838   		2.50474277217	6.24e-05	0.684	7.29025e-13		2.50569498127	5.45e-05	0.667	7.65205e-13
310   	1700  	843.203		2.51090278104	6.07e-05	0.684	7.2806e-13		2.51183312527	5.34e-05	0.668	7.63935e-13
310   	1700  	848.407		2.51718635347	5.91e-05	0.684	7.27106e-13		2.51809532065	5.24e-05	0.668	7.62675e-13
310   	1700  	853.61		2.52359769085	5.76e-05	0.684	7.26163e-13		2.5244857542	5.14e-05	0.669	7.61427e-13
310   	1700  	858.814		2.53014118711	5.6e-05	0.685	7.2523e-13		2.53100880569	5.04e-05	0.669	7.60189e-13
310   	1700  	864.017		2.53682144051	5.46e-05	0.685	7.24306e-13		2.53766905972	4.94e-05	0.669	7.58961e-13
310   	1700  	869.221		2.54364326646	5.31e-05	0.685	7.23393e-13		2.54447131847	4.85e-05	0.67	7.57744e-13
310   	1700  	874.424		2.55061171119	5.17e-05	0.686	7.22489e-13		2.55142061536	4.75e-05	0.67	7.56537e-13
310   	1700  	879.628		2.55773206649	5.04e-05	0.686	7.21594e-13		2.55852222978	4.66e-05	0.671	7.55339e-13
310   	1700  	884.831		2.56500988555	4.91e-05	0.686	7.20708e-13		2.56578170289	4.57e-05	0.671	7.5415e-13
310   	1700  	890.035		2.57245100008	4.78e-05	0.687	7.19832e-13		2.57320485478	4.48e-05	0.671	7.5297e-13
310   	1700  	895.238		2.58006153874	4.66e-05	0.687	7.18963e-13		2.58079780282	4.39e-05	0.672	7.51799e-13
310   	1700  	900.442		2.58784794706	4.54e-05	0.687	7.18103e-13		2.58856698158	4.3e-05	0.672	7.50636e-13
310   	1700  	905.645		2.59581700894	4.42e-05	0.687	7.17251e-13		2.59651916438	4.22e-05	0.673	7.49481e-13
310   	1700  	910.849		2.60397586999	4.31e-05	0.688	7.16407e-13		2.60466148652	4.14e-05	0.673	7.48335e-13
310   	1700  	916.052		2.61233206279	4.2e-05	0.688	7.15571e-13		2.61300147059	4.05e-05	0.673	7.47195e-13
310   	1700  	921.256		2.62089353423	4.09e-05	0.688	7.14742e-13		2.62154705378	3.97e-05	0.674	7.46063e-13
310   	1700  	926.459		2.62966867531	3.99e-05	0.689	7.13921e-13		2.63030661768	3.89e-05	0.674	7.44938e-13
310   	1700  	931.663		2.63866635349	3.89e-05	0.689	7.13107e-13		2.63928902059	3.81e-05	0.675	7.4382e-13
310   	1700  	936.866		2.6478959479	3.79e-05	0.689	7.123e-13		2.64850363274	3.73e-05	0.675	7.42709e-13
310   	1700  	942.07		2.65736738776	3.69e-05	0.689	7.11499e-13		2.65796037472	3.66e-05	0.675	7.41603e-13
310   	1700  	947.273		2.66709119435	3.6e-05	0.69	7.10705e-13		2.66766975938	3.58e-05	0.676	7.40504e-13
310   	1700  	952.477		2.67707852681	3.51e-05	0.69	7.09918e-13		2.67764293767	3.51e-05	0.676	7.3941e-13
310   	1700  	957.68		2.68734123234	3.42e-05	0.69	7.09136e-13		2.68789174883	3.43e-05	0.677	7.38322e-13
310   	1700  	962.884		2.69789190126	3.34e-05	0.69	7.08361e-13		2.69842877541	3.36e-05	0.677	7.37239e-13
310   	1700  	968.087		2.70874392739	3.26e-05	0.691	7.07592e-13		2.70926740368	3.29e-05	0.677	7.36161e-13
310   	1700  	973.291		2.71991157456	3.18e-05	0.691	7.06828e-13		2.72042189008	3.22e-05	0.678	7.35087e-13
310   	1700  	978.494		2.73141004976	3.1e-05	0.691	7.0607e-13		2.73190743442	3.15e-05	0.678	7.34018e-13
310   	1700  	983.698		2.74325558395	3.02e-05	0.691	7.05317e-13		2.74374026065	3.08e-05	0.678	7.32953e-13
310   	1700  	988.901		2.7554655213	2.95e-05	0.692	7.0457e-13		2.75593770607	3.01e-05	0.679	7.31892e-13
310   	1700  	994.105		2.76805841808	2.87e-05	0.692	7.03828e-13		2.76851832028	2.94e-05	0.679	7.30835e-13
310   	1700  	999.308		2.78105415228	2.8e-05	0.692	7.0309e-13		2.78150197472	2.88e-05	0.68	7.29781e-13
310   	1800  	119.917		1.86108772368	0.953	0.347	2.96389e-12		1.73970784199	0.306	0.171	1.89966e-11
310   	1800  	125.12		1.88051171501	0.955	0.362	2.75861e-12		1.74426441794	0.444	0.172	1.32045e-11
310   	1800  	130.324		1.89851787369	0.957	0.376	2.58591e-12		1.78559605786	0.486	0.233	9.29206e-12
310   	1800  	135.527		1.91523479699	0.959	0.39	2.43886e-12		1.80740275402	0.562	0.261	6.78556e-12
310   	1800  	140.731		1.93077952465	0.961	0.402	2.31231e-12		1.82830398096	0.62	0.286	5.25475e-12
310   	1800  	145.934		1.94525818709	0.963	0.413	2.20235e-12		1.84820722435	0.664	0.307	4.28982e-12
310   	1800  	151.138		1.95876676973	0.964	0.424	2.106e-12		1.86706701997	0.697	0.327	3.64733e-12
310   	1800  	156.341		1.9713919343	0.966	0.434	2.02092e-12		1.88487879097	0.723	0.345	3.19513e-12
310   	1800  	161.545		1.98321184927	0.967	0.443	1.94529e-12		1.90166613598	0.744	0.361	2.8613e-12
310   	1800  	166.748		1.99429699665	0.969	0.451	1.87763e-12		1.91746990766	0.761	0.376	2.60511e-12
310   	1800  	171.952		2.00471093447	0.97	0.46	1.81676e-12		1.93234053626	0.775	0.391	2.40228e-12
310   	1800  	177.155		2.01451100373	0.972	0.467	1.76172e-12		1.9463330013	0.788	0.404	2.23766e-12
310   	1800  	182.359		2.02374897498	0.973	0.474	1.71172e-12		1.95950363159	0.799	0.417	2.10132e-12
310   	1800  	187.562		2.03247163408	0.974	0.481	1.6661e-12		1.97190810714	0.809	0.428	1.9865e-12
310   	1800  	192.766		2.04072130916	0.975	0.487	1.62432e-12		1.98360024307	0.818	0.44	1.88847e-12
310   	1800  	197.969		2.04853634238	0.976	0.493	1.5859e-12		1.99463128296	0.827	0.45	1.80377e-12
310   	1800  	203.173		2.05595151091	0.977	0.499	1.55047e-12		2.00504952516	0.834	0.46	1.72986e-12
310   	1800  	208.376		2.06299840165	0.978	0.505	1.51768e-12		2.01490016614	0.841	0.469	1.66479e-12
310   	1800  	213.58		2.06970574445	0.979	0.51	1.48725e-12		2.02422528449	0.848	0.478	1.60707e-12
310   	1800  	218.783		2.07609970803	0.98	0.515	1.45893e-12		2.03306391405	0.854	0.486	1.55553e-12
310   	1800  	223.987		2.08220416292	0.981	0.519	1.43251e-12		2.04145217173	0.86	0.494	1.50922e-12
310   	1800  	229.19		2.08804091488	0.981	0.524	1.40781e-12		2.04942341685	0.866	0.502	1.46739e-12
310   	1800  	234.394		2.09362991247	0.982	0.528	1.38466e-12		2.05700842613	0.871	0.509	1.42942e-12
310   	1800  	239.597		2.06423557414	0.0117	0.516	1.3948e-12		2.09898943152	0.00109	0.532	1.36292e-12
310   	1800  	244.801		2.07113101227	0.0106	0.522	1.36311e-12		2.10413623936	0.00104	0.536	1.34246e-12
310   	1800  	250.004		2.07771884187	0.00968	0.528	1.334e-12		2.1090857411	0.000996	0.54	1.32318e-12
310   	1800  	255.208		2.08402127902	0.00882	0.534	1.30717e-12		2.11385211016	0.000951	0.543	1.30496e-12
310   	1800  	260.411		2.09005880935	0.00806	0.539	1.28235e-12		2.11844840469	0.000909	0.547	1.28774e-12
310   	1800  	265.615		2.09585033227	0.00738	0.544	1.25934e-12		2.12288667179	0.00087	0.55	1.27141e-12
310   	1800  	270.818		2.10141329454	0.00678	0.549	1.23794e-12		2.12717804071	0.000832	0.553	1.25593e-12
310   	1800  	276.022		2.10676381328	0.00623	0.554	1.21798e-12		2.1313328064	0.000797	0.556	1.24121e-12
310   	1800  	281.225		2.11191678888	0.00574	0.558	1.19934e-12		2.1353605045	0.000764	0.559	1.22721e-12
310   	1800  	286.429		2.11688600835	0.0053	0.563	1.18188e-12		2.13926997879	0.000733	0.562	1.21387e-12
310   	1800  	291.632		2.12168423986	0.0049	0.567	1.1655e-12		2.14306944175	0.000703	0.564	1.20115e-12
310   	1800  	296.836		2.12632331884	0.00454	0.571	1.1501e-12		2.14676652929	0.000675	0.567	1.18901e-12
310   	1800  	302.039		2.13081422661	0.00421	0.574	1.13559e-12		2.15036835003	0.000649	0.57	1.17739e-12
310   	1800  	307.243		2.13516716194	0.00391	0.578	1.1219e-12		2.15388152982	0.000624	0.572	1.16628e-12
310   	1800  	312.446		2.13939160625	0.00364	0.581	1.10897e-12		2.15731225213	0.0006	0.574	1.15564e-12
310   	1800  	317.65		2.14349638296	0.00339	0.585	1.09672e-12		2.16066629447	0.000578	0.577	1.14543e-12
310   	1800  	322.853		2.14748971161	0.00317	0.588	1.08512e-12		2.16394906157	0.000556	0.579	1.13563e-12
310   	1800  	328.057		2.15137925705	0.00296	0.591	1.0741e-12		2.16716561542	0.000536	0.581	1.12622e-12
310   	1800  	333.26		2.15517217442	0.00277	0.594	1.06363e-12		2.17032070268	0.000517	0.583	1.11717e-12
310   	1800  	338.464		2.15887514999	0.00259	0.596	1.05366e-12		2.17341877951	0.000499	0.585	1.10847e-12
310   	1800  	343.667		2.16249443858	0.00243	0.599	1.04416e-12		2.17646403431	0.000481	0.587	1.10008e-12
310   	1800  	348.871		2.1660358976	0.00228	0.602	1.0351e-12		2.17946040845	0.000465	0.589	1.092e-12
310   	1800  	354.074		2.1695050182	0.00214	0.604	1.02645e-12		2.18241161521	0.000449	0.591	1.08421e-12
310   	1800  	359.278		2.17290695376	0.00201	0.606	1.01818e-12		2.18532115706	0.000434	0.593	1.07669e-12
310   	1800  	364.481		2.1762465459	0.0019	0.609	1.01027e-12		2.18819234158	0.000419	0.594	1.06942e-12
310   	1800  	369.685		2.17952834833	0.00179	0.611	1.00269e-12		2.19102829598	0.000405	0.596	1.0624e-12
310   	1800  	374.888		2.18275664873	0.00168	0.613	9.95421e-13		2.19383198051	0.000392	0.598	1.05561e-12
310   	1800  	380.092		2.18593548875	0.00159	0.615	9.88447e-13		2.19660620067	0.00038	0.599	1.04904e-12
310   	1800  	385.295		2.18906868246	0.0015	0.617	9.81749e-13		2.19935361859	0.000368	0.601	1.04268e-12
310   	1800  	390.499		2.1921598332	0.00142	0.619	9.7531e-13		2.20207676339	0.000356	0.602	1.03652e-12
310   	1800  	395.702		2.19521234917	0.00134	0.621	9.69116e-13		2.20477804083	0.000345	0.604	1.03055e-12
310   	1800  	400.906		2.19822945772	0.00127	0.623	9.63153e-13		2.20745974212	0.000334	0.605	1.02475e-12
310   	1800  	406.109		2.20121421854	0.00121	0.624	9.57408e-13		2.2101240522	0.000324	0.607	1.01913e-12
310   	1800  	411.313		2.20416953582	0.00114	0.626	9.51869e-13		2.21277305728	0.000315	0.608	1.01367e-12
310   	1800  	416.516		2.2070981695	0.00109	0.628	9.46525e-13		2.21540875187	0.000305	0.609	1.00837e-12
310   	1800  	421.72		2.21000274562	0.00103	0.629	9.41365e-13		2.21803304535	0.000296	0.611	1.00322e-12
310   	1800  	426.923		2.21288576592	0.000981	0.631	9.36381e-13		2.22064776798	0.000288	0.612	9.98209e-13
310   	1800  	432.127		2.21574961676	0.000933	0.632	9.31563e-13		2.22325467658	0.000279	0.613	9.93336e-13
310   	1800  	437.33		2.21859657733	0.000887	0.634	9.26903e-13		2.22585545973	0.000272	0.615	9.88594e-13
310   	1800  	442.534		2.2214288273	0.000845	0.635	9.22393e-13		2.22845174272	0.000264	0.616	9.83977e-13
310   	1800  	447.737		2.22424845393	0.000805	0.636	9.18026e-13		2.23104509208	0.000257	0.617	9.79481e-13
310   	1800  	452.941		2.22705745869	0.000768	0.638	9.13794e-13		2.23363701984	0.000249	0.618	9.751e-13
310   	1800  	458.144		2.22985776339	0.000732	0.639	9.09692e-13		2.23622898758	0.000243	0.619	9.70829e-13
310   	1800  	463.348		2.23265121591	0.000699	0.64	9.05713e-13		2.23882241009	0.000236	0.62	9.66664e-13
310   	1800  	468.551		2.23543959558	0.000667	0.641	9.01853e-13		2.24141865896	0.00023	0.621	9.62602e-13
310   	1800  	473.755		2.23822461817	0.000638	0.642	8.98104e-13		2.24401906584	0.000224	0.622	9.58637e-13
310   	1800  	478.958		2.24100794056	0.00061	0.644	8.94463e-13		2.24662492556	0.000218	0.624	9.54767e-13
310   	1800  	484.162		2.24379116512	0.000583	0.645	8.90925e-13		2.24923749906	0.000212	0.625	9.50987e-13
310   	1800  	489.365		2.24657584387	0.000558	0.646	8.87485e-13		2.25185801616	0.000207	0.626	9.47295e-13
310   	1800  	494.569		2.24936348227	0.000534	0.647	8.84139e-13		2.25448767817	0.000201	0.627	9.43687e-13
310   	1800  	499.772		2.25215554294	0.000511	0.648	8.80884e-13		2.25712766037	0.000196	0.627	9.4016e-13
310   	1800  	504.976		2.254953449 	0.00049	0.649	8.77714e-13		2.25977911438	0.000191	0.628	9.36711e-13
310   	1800  	510.179		2.25775858741	0.00047	0.65	8.74628e-13		2.26244317038	0.000186	0.629	9.33337e-13
310   	1800  	515.383		2.26057231194	0.000451	0.651	8.71621e-13		2.26512093925	0.000182	0.63	9.30036e-13
310   	1800  	520.586		2.2633959461	0.000432	0.652	8.6869e-13		2.26781351464	0.000177	0.631	9.26805e-13
310   	1800  	525.79		2.26623078591	0.000415	0.652	8.65833e-13		2.27052197485	0.000173	0.632	9.23641e-13
310   	1800  	530.993		2.2690781025	0.000398	0.653	8.63046e-13		2.27324738477	0.000169	0.633	9.20543e-13
310   	1800  	536.197		2.2719391446	0.000383	0.654	8.60327e-13		2.27599079765	0.000165	0.634	9.17508e-13
310   	1800  	541.4 		2.27481514094	0.000368	0.655	8.57673e-13		2.27875325681	0.000161	0.635	9.14534e-13
310   	1800  	546.604		2.27770730247	0.000353	0.656	8.55082e-13		2.28153579738	0.000157	0.635	9.11619e-13
310   	1800  	551.807		2.28061682463	0.00034	0.657	8.52551e-13		2.28433944784	0.000153	0.636	9.08762e-13
310   	1800  	557.011		2.28354488939	0.000327	0.657	8.50078e-13		2.28716523168	0.00015	0.637	9.05959e-13
310   	1800  	562.214		2.28649266729	0.000315	0.658	8.47661e-13		2.29001416886	0.000146	0.638	9.0321e-13
310   	1800  	567.418		2.28946131938	0.000303	0.659	8.45299e-13		2.29288727734	0.000143	0.639	9.00513e-13
310   	1800  	572.621		2.29245199916	0.000292	0.66	8.42988e-13		2.29578557455	0.00014	0.639	8.97866e-13
310   	1800  	577.825		2.29546585438	0.000281	0.66	8.40728e-13		2.29871007885	0.000137	0.64	8.95267e-13
310   	1800  	583.028		2.29850402882	0.000271	0.661	8.38516e-13		2.30166181088	0.000134	0.641	8.92716e-13
310   	1800  	588.232		2.30156766409	0.000261	0.662	8.36351e-13		2.30464179502	0.000131	0.642	8.9021e-13
310   	1800  	593.435		2.30465790131	0.000252	0.662	8.34232e-13		2.30765106078	0.000128	0.642	8.87748e-13
310   	1800  	598.639		2.30777588281	0.000243	0.663	8.32156e-13		2.31069064412	0.000125	0.643	8.85329e-13
310   	1800  	603.842		2.31092275378	0.000234	0.664	8.30122e-13		2.31376158889	0.000122	0.644	8.82952e-13
310   	1800  	609.046		2.31409966393	0.000226	0.664	8.28129e-13		2.31686494817	0.000119	0.644	8.80615e-13
310   	1800  	614.249		2.31730776909	0.000218	0.665	8.26176e-13		2.32000178562	0.000117	0.645	8.78318e-13
310   	1800  	619.453		2.32054823287	0.000211	0.666	8.24262e-13		2.32317317691	0.000114	0.646	8.76058e-13
310   	1800  	624.656		2.32382222823	0.000204	0.666	8.22384e-13		2.32638021109	0.000112	0.646	8.73835e-13
310   	1800  	629.86		2.32713093915	0.000197	0.667	8.20542e-13		2.32962399198	0.000109	0.647	8.71649e-13
310   	1800  	635.063		2.33047556219	0.00019	0.667	8.18735e-13		2.33290563961	0.000107	0.648	8.69497e-13
310   	1800  	640.267		2.33385730818	0.000184	0.668	8.16962e-13		2.33622629167	0.000105	0.648	8.67379e-13
310   	1800  	645.47		2.33727740383	0.000178	0.669	8.15221e-13		2.33958710495	0.000103	0.649	8.65294e-13
310   	1800  	650.674		2.3407370934	0.000172	0.669	8.13512e-13		2.3429892569	0.000101	0.65	8.63241e-13
310   	1800  	655.877		2.34423764043	0.000166	0.67	8.11833e-13		2.34643394711	9.85e-05	0.65	8.61219e-13
310   	1800  	661.081		2.34778032939	0.000161	0.67	8.10185e-13		2.34992239891	9.65e-05	0.651	8.59227e-13
310   	1800  	666.284		2.35136646753	0.000156	0.671	8.08565e-13		2.35345586098	9.45e-05	0.651	8.57265e-13
310   	1800  	671.488		2.35499738658	0.000151	0.671	8.06973e-13		2.35703560904	9.25e-05	0.652	8.55332e-13
310   	1800  	676.691		2.35867444467	0.000146	0.672	8.05408e-13		2.36066294751	9.07e-05	0.652	8.53426e-13
310   	1800  	681.895		2.36239902815	0.000141	0.672	8.0387e-13		2.36433921135	8.88e-05	0.653	8.51547e-13
310   	1800  	687.098		2.3661725536	0.000137	0.673	8.02358e-13		2.36806576785	8.7e-05	0.654	8.49695e-13
310   	1800  	692.302		2.3699964698	0.000133	0.673	8.0087e-13		2.37184401856	8.53e-05	0.654	8.47869e-13
310   	1800  	697.505		2.37387225981	0.000128	0.674	7.99406e-13		2.37567540124	8.36e-05	0.655	8.46067e-13
310   	1800  	702.709		2.37780144313	0.000125	0.674	7.97966e-13		2.37956139194	8.19e-05	0.655	8.4429e-13
310   	1800  	707.912		2.38178557792	0.000121	0.674	7.96549e-13		2.38350350716	8.03e-05	0.656	8.42536e-13
310   	1800  	713.116		2.38582626333	0.000117	0.675	7.95154e-13		2.38750330601	7.87e-05	0.656	8.40806e-13
310   	1800  	718.319		2.38992514189	0.000114	0.675	7.93781e-13		2.39156239263	7.71e-05	0.657	8.39098e-13
310   	1800  	723.523		2.39408390204	0.00011	0.676	7.92429e-13		2.39568241858	7.56e-05	0.657	8.37412e-13
310   	1800  	728.726		2.39830428077	0.000107	0.676	7.91097e-13		2.39986508541	7.41e-05	0.658	8.35747e-13
310   	1800  	733.93		2.40258806632	0.000104	0.677	7.89785e-13		2.40411214732	7.27e-05	0.658	8.34103e-13
310   	1800  	739.133		2.4069371011	0.000101	0.677	7.88493e-13		2.40842541401	7.13e-05	0.659	8.32479e-13
310   	1800  	744.337		2.41135328469	9.77e-05	0.677	7.87219e-13		2.41280675359	6.99e-05	0.659	8.30875e-13
310   	1800  	749.54		2.41583857701	9.48e-05	0.678	7.85963e-13		2.41725809572	6.85e-05	0.66	8.29291e-13
310   	1800  	754.744		2.4203950016	9.21e-05	0.678	7.84726e-13		2.42178143485	6.72e-05	0.66	8.27725e-13
310   	1800  	759.947		2.42502464918	8.94e-05	0.679	7.83505e-13		2.42637883371	6.59e-05	0.661	8.26177e-13
310   	1800  	765.151		2.42972968129	8.69e-05	0.679	7.82302e-13		2.43105242688	6.46e-05	0.661	8.24647e-13
310   	1800  	770.354		2.43451233422	8.44e-05	0.679	7.81115e-13		2.43580442469	6.34e-05	0.662	8.23134e-13
310   	1800  	775.558		2.43937492305	8.2e-05	0.68	7.79944e-13		2.44063711725	6.22e-05	0.662	8.21638e-13
310   	1800  	780.761		2.44431984602	7.97e-05	0.68	7.78789e-13		2.44555287874	6.1e-05	0.663	8.20159e-13
310   	1800  	785.965		2.44934958913	7.75e-05	0.68	7.77649e-13		2.45055417194	5.98e-05	0.663	8.18695e-13
310   	1800  	791.168		2.45446673094	7.53e-05	0.681	7.76524e-13		2.45564355309	5.87e-05	0.664	8.17247e-13
310   	1800  	796.372		2.45967394776	7.32e-05	0.681	7.75413e-13		2.46082367694	5.75e-05	0.664	8.15815e-13
310   	1800  	801.575		2.46497401908	7.12e-05	0.682	7.74317e-13		2.46609730221	5.64e-05	0.665	8.14397e-13
310   	1800  	806.779		2.47036983335	6.92e-05	0.682	7.73234e-13		2.4714672973	5.54e-05	0.665	8.12993e-13
310   	1800  	811.982		2.47586439416	6.73e-05	0.682	7.72164e-13		2.47693664648	5.43e-05	0.666	8.11604e-13
310   	1800  	817.186		2.48146082678	6.55e-05	0.683	7.71108e-13		2.48250845635	5.33e-05	0.666	8.10228e-13
310   	1800  	822.389		2.48716238509	6.37e-05	0.683	7.70064e-13		2.48818596278	5.23e-05	0.666	8.08866e-13
310   	1800  	827.593		2.49297245905	6.2e-05	0.683	7.69033e-13		2.49397253834	5.13e-05	0.667	8.07516e-13
310   	1800  	832.796		2.4988945826	6.04e-05	0.684	7.68014e-13		2.49987170016	5.03e-05	0.667	8.0618e-13
310   	1800  	838   		2.5049324421	5.87e-05	0.684	7.67006e-13		2.50588711837	4.93e-05	0.668	8.04855e-13
310   	1800  	843.203		2.51108988536	5.72e-05	0.684	7.6601e-13		2.51202262511	4.84e-05	0.668	8.03543e-13
310   	1800  	848.407		2.51737093132	5.57e-05	0.685	7.65025e-13		2.51828222415	4.75e-05	0.669	8.02242e-13
310   	1800  	853.61		2.52377978037	5.42e-05	0.685	7.64051e-13		2.52467010121	4.65e-05	0.669	8.00952e-13
310   	1800  	858.814		2.5303208254	5.28e-05	0.685	7.63088e-13		2.53119063503	4.57e-05	0.669	7.99673e-13
310   	1800  	864.017		2.53699866374	5.14e-05	0.685	7.62135e-13		2.53784840918	4.48e-05	0.67	7.98405e-13
310   	1800  	869.221		2.54381810982	5.01e-05	0.686	7.61192e-13		2.54464822485	4.39e-05	0.67	7.97147e-13
310   	1800  	874.424		2.55078420896	4.88e-05	0.686	7.60259e-13		2.55159511449	4.31e-05	0.671	7.959e-13
310   	1800  	879.628		2.55790225202	4.75e-05	0.686	7.59336e-13		2.55869435651	4.22e-05	0.671	7.94662e-13
310   	1800  	884.831		2.56517779131	4.63e-05	0.687	7.58422e-13		2.56595149118	4.14e-05	0.671	7.93434e-13
310   	1800  	890.035		2.57261665767	4.51e-05	0.687	7.57517e-13		2.57337233765	4.06e-05	0.672	7.92214e-13
310   	1800  	895.238		2.58022497889	4.39e-05	0.687	7.56621e-13		2.5809630124	3.98e-05	0.672	7.91004e-13
310   	1800  	900.442		2.58800919967	4.28e-05	0.688	7.55734e-13		2.58872994914	3.9e-05	0.673	7.89802e-13
310   	1800  	905.645		2.59597610308	4.17e-05	0.688	7.54855e-13		2.5966799203	3.83e-05	0.673	7.88609e-13
310   	1800  	910.849		2.60413283393	4.07e-05	0.688	7.53985e-13		2.60482006036	3.75e-05	0.673	7.87423e-13
310   	1800  	916.052		2.61248692398	3.96e-05	0.688	7.53122e-13		2.61315789107	3.68e-05	0.674	7.86246e-13
310   	1800  	921.256		2.62104631936	3.86e-05	0.689	7.52267e-13		2.6217013488	3.6e-05	0.674	7.85076e-13
310   	1800  	926.459		2.62981941029	3.77e-05	0.689	7.5142e-13		2.63045881434	3.53e-05	0.675	7.83913e-13
310   	1800  	931.663		2.63881506345	3.67e-05	0.689	7.5058e-13		2.6394391452	3.46e-05	0.675	7.82757e-13
310   	1800  	936.866		2.64804265723	3.58e-05	0.689	7.49748e-13		2.64865171082	3.39e-05	0.675	7.81607e-13
310   	1800  	942.07		2.65751212013	3.49e-05	0.69	7.48922e-13		2.65810643102	3.32e-05	0.676	7.80464e-13
310   	1800  	947.273		2.66723397265	3.41e-05	0.69	7.48104e-13		2.66781381788	3.25e-05	0.676	7.79327e-13
310   	1800  	952.477		2.67721937323	3.32e-05	0.69	7.47292e-13		2.67778502161	3.19e-05	0.677	7.78197e-13
310   	1800  	957.68		2.68748016833	3.24e-05	0.69	7.46486e-13		2.68803188069	3.12e-05	0.677	7.77071e-13
310   	1800  	962.884		2.69802894756	3.16e-05	0.691	7.45687e-13		2.69856697693	3.05e-05	0.677	7.75951e-13
310   	1800  	968.087		2.70887910403	3.09e-05	0.691	7.44894e-13		2.70940369585	2.99e-05	0.678	7.74836e-13
310   	1800  	973.291		2.72004490085	3.01e-05	0.691	7.44107e-13		2.72055629317	2.93e-05	0.678	7.73726e-13
310   	1800  	978.494		2.73154154431	2.94e-05	0.692	7.43325e-13		2.73203996796	2.86e-05	0.679	7.7262e-13
310   	1800  	983.698		2.74338526464	2.87e-05	0.692	7.42549e-13		2.74387094342	2.8e-05	0.679	7.71519e-13
310   	1800  	988.901		2.75559340532	2.8e-05	0.692	7.41779e-13		2.75606655615	2.74e-05	0.679	7.70421e-13
310   	1800  	994.105		2.76818452189	2.73e-05	0.692	7.41014e-13		2.76864535499	2.68e-05	0.68	7.69327e-13
310   	1800  	999.308		2.78117849163	2.66e-05	0.692	7.40254e-13		2.78162721065	2.62e-05	0.68	7.68237e-13
350   	1700  	119.917		1.85000028755	0.945	0.419	2.35374e-12		1.72389743508	0.648	0.256	6.10783e-12
350   	1700  	125.12		1.87005804923	0.947	0.438	2.18924e-12		1.74954932737	0.681	0.285	4.83424e-12
350   	1700  	130.324		1.88866211449	0.949	0.456	2.0514e-12		1.77406874639	0.706	0.311	4.01097e-12
350   	1700  	135.527		1.90593994679	0.951	0.472	1.93444e-12		1.79736334665	0.724	0.336	3.43967e-12
350   	1700  	140.731		1.92200887199	0.954	0.486	1.83409e-12		1.81939711227	0.739	0.359	3.02103e-12
350   	1700  	145.934		1.93697619746	0.956	0.5	1.74715e-12		1.84017468603	0.751	0.381	2.7015e-12
350   	1700  	151.138		1.95093961295	0.958	0.513	1.67116e-12		1.85972792004	0.763	0.402	2.44999e-12
350   	1700  	156.341		1.96398776633	0.96	0.525	1.60421e-12		1.87810590072	0.773	0.422	2.24724e-12
350   	1700  	161.545		1.97620093109	0.961	0.536	1.54482e-12		1.89536788557	0.782	0.44	2.08067e-12
350   	1700  	166.748		1.98765170724	0.963	0.546	1.4918e-12		1.91157839648	0.791	0.457	1.94165e-12
350   	1700  	171.952		1.99840571713	0.965	0.556	1.44418e-12		1.92680385945	0.8	0.474	1.82409e-12
350   	1700  	177.155		2.00852227227	0.966	0.565	1.40119e-12		1.94111034443	0.808	0.489	1.72356e-12
350   	1700  	182.359		2.0180549977	0.968	0.573	1.3622e-12		1.95456208576	0.815	0.503	1.63673e-12
350   	1700  	187.562		2.02705240737	0.969	0.581	1.32667e-12		1.96722055435	0.823	0.517	1.56109e-12
350   	1700  	192.766		2.03555842853	0.971	0.588	1.29417e-12		1.97914391734	0.83	0.53	1.49469e-12
350   	1700  	197.969		2.04361287576	0.972	0.595	1.26433e-12		1.99038676702	0.836	0.542	1.43599e-12
350   	1700  	203.173		2.05125187731	0.973	0.602	1.23684e-12		2.00100003419	0.842	0.553	1.38379e-12
350   	1700  	208.376		2.05850825682	0.974	0.608	1.21143e-12		2.01103102504	0.848	0.564	1.33708e-12
350   	1700  	213.58		2.06541187443	0.975	0.614	1.18787e-12		2.02052353843	0.854	0.574	1.29509e-12
350   	1700  	218.783		2.07198993087	0.976	0.62	1.16596e-12		2.02951803262	0.859	0.584	1.25715e-12
350   	1700  	223.987		2.07826723844	0.977	0.625	1.14555e-12		2.03805182026	0.864	0.593	1.22273e-12
350   	1700  	229.19		2.08426646224	0.978	0.63	1.12648e-12		2.04615927658	0.869	0.601	1.19137e-12
350   	1700  	234.394		2.09000833503	0.979	0.635	1.10862e-12		2.0538720507	0.874	0.609	1.16269e-12
350   	1700  	239.597		2.09551184857	0.98	0.64	1.09186e-12		2.06121927337	0.878	0.617	1.13638e-12
350   	1700  	244.801		2.10079442411	0.98	0.644	1.0761e-12		2.0682277569	0.883	0.624	1.11216e-12
350   	1700  	250.004		2.1058720645	0.981	0.648	1.06125e-12		2.07492218449	0.887	0.631	1.0898e-12
350   	1700  	255.208		2.11075948988	0.982	0.652	1.04724e-12		2.08132528773	0.891	0.637	1.06909e-12
350   	1700  	260.411		2.11547025898	0.982	0.656	1.03399e-12		2.08745801159	0.894	0.643	1.04988e-12
350   	1700  	265.615		2.09333966681	0.00575	0.649	1.03199e-12		2.12001687757	0.000999	0.66	1.02145e-12
350   	1700  	270.818		2.09898807016	0.00533	0.655	1.01531e-12		2.12441089562	0.000955	0.663	1.00956e-12
350   	1700  	276.022		2.10441967285	0.00494	0.66	9.99716e-13		2.12866299435	0.000914	0.666	9.98268e-13
350   	1700  	281.225		2.10964967808	0.0046	0.665	9.85111e-13		2.13278306445	0.000876	0.67	9.87529e-13
350   	1700  	286.429		2.11469214817	0.00428	0.67	9.71404e-13		2.13678027628	0.000839	0.673	9.77303e-13
350   	1700  	291.632		2.11956010226	0.00399	0.674	9.58516e-13		2.14066314316	0.000805	0.676	9.67554e-13
350   	1700  	296.836		2.12426560528	0.00372	0.678	9.46377e-13		2.14443957831	0.000773	0.679	9.5825e-13
350   	1700  	302.039		2.1288198488	0.00348	0.683	9.34926e-13		2.14811694628	0.000742	0.681	9.49359e-13
350   	1700  	307.243		2.1332332247	0.00325	0.686	9.24106e-13		2.15170210938	0.000713	0.684	9.40854e-13
350   	1700  	312.446		2.13751539212	0.00304	0.69	9.13866e-13		2.15520146971	0.000685	0.687	9.32709e-13
350   	1700  	317.65		2.14167533833	0.00285	0.694	9.04163e-13		2.1586210072	0.000659	0.689	9.24903e-13
350   	1700  	322.853		2.14572143418	0.00268	0.697	8.94955e-13		2.16196631416	0.000635	0.692	9.17414e-13
350   	1700  	328.057		2.14966148451	0.00252	0.701	8.86206e-13		2.16524262655	0.000611	0.694	9.10222e-13
350   	1700  	333.26		2.15350277416	0.00237	0.704	8.77883e-13		2.16845485255	0.000589	0.696	9.0331e-13
350   	1700  	338.464		2.15725210974	0.00223	0.707	8.69955e-13		2.17160759844	0.000568	0.698	8.9666e-13
350   	1700  	343.667		2.16091585787	0.0021	0.71	8.62396e-13		2.17470519226	0.000547	0.701	8.90259e-13
350   	1700  	348.871		2.16449997997	0.00198	0.713	8.5518e-13		2.17775170542	0.000528	0.703	8.84092e-13
350   	1700  	354.074		2.16801006408	0.00187	0.715	8.48284e-13		2.18075097234	0.00051	0.705	8.78145e-13
350   	1700  	359.278		2.17145135391	0.00176	0.718	8.41689e-13		2.18370660853	0.000492	0.707	8.72408e-13
350   	1700  	364.481		2.17482877542	0.00167	0.72	8.35374e-13		2.18662202707	0.000476	0.708	8.66868e-13
350   	1700  	369.685		2.17814696114	0.00158	0.723	8.29322e-13		2.18950045378	0.00046	0.71	8.61515e-13
350   	1700  	374.888		2.18141027247	0.00149	0.725	8.23517e-13		2.19234494109	0.000445	0.712	8.5634e-13
350   	1700  	380.092		2.18462282012	0.00141	0.727	8.17945e-13		2.1951583808	0.00043	0.714	8.51334e-13
350   	1700  	385.295		2.18778848287	0.00134	0.729	8.1259e-13		2.19794351587	0.000416	0.715	8.46488e-13
350   	1700  	390.499		2.19091092476	0.00127	0.731	8.07442e-13		2.20070295119	0.000403	0.717	8.41793e-13
350   	1700  	395.702		2.193993611 	0.00121	0.733	8.02488e-13		2.20343916359	0.00039	0.719	8.37244e-13
350   	1700  	400.906		2.19703982252	0.00115	0.735	7.97717e-13		2.20615451106	0.000378	0.72	8.32833e-13
350   	1700  	406.109		2.20005266938	0.00109	0.737	7.93119e-13		2.20885124122	0.000367	0.722	8.28553e-13
350   	1700  	411.313		2.20303510322	0.00104	0.739	7.88685e-13		2.21153149925	0.000355	0.723	8.24399e-13
350   	1700  	416.516		2.20598992864	0.000988	0.741	7.84406e-13		2.21419733514	0.000345	0.725	8.20365e-13
350   	1700  	421.72		2.2089198138	0.000941	0.742	7.80275e-13		2.2168507105	0.000334	0.726	8.16445e-13
350   	1700  	426.923		2.21182730018	0.000897	0.744	7.76282e-13		2.21949350483	0.000325	0.727	8.12634e-13
350   	1700  	432.127		2.21471481165	0.000855	0.746	7.72422e-13		2.22212752135	0.000315	0.729	8.08928e-13
350   	1700  	437.33		2.21758466284	0.000816	0.747	7.68688e-13		2.22475449243	0.000306	0.73	8.05321e-13
350   	1700  	442.534		2.22043906692	0.000778	0.749	7.65074e-13		2.2273760847	0.000297	0.731	8.01811e-13
350   	1700  	447.737		2.22328014284	0.000743	0.75	7.61574e-13		2.22999390374	0.000289	0.733	7.98393e-13
350   	1700  	452.941		2.22610992207	0.00071	0.752	7.58182e-13		2.23260949852	0.000281	0.734	7.95062e-13
350   	1700  	458.144		2.22893035482	0.000679	0.753	7.54893e-13		2.2352243655	0.000273	0.735	7.91816e-13
350   	1700  	463.348		2.23174331592	0.000649	0.754	7.51703e-13		2.23783995256	0.000265	0.736	7.88652e-13
350   	1700  	468.551		2.23455061023	0.000621	0.755	7.48607e-13		2.24045766256	0.000258	0.737	7.85565e-13
350   	1700  	473.755		2.23735397774	0.000595	0.757	7.45601e-13		2.24307885681	0.000251	0.738	7.82553e-13
350   	1700  	478.958		2.24015509834	0.00057	0.758	7.42682e-13		2.24570485826	0.000245	0.739	7.79612e-13
350   	1700  	484.162		2.24295559626	0.000546	0.759	7.39844e-13		2.24833695452	0.000238	0.741	7.76742e-13
350   	1700  	489.365		2.24575704427	0.000523	0.76	7.37085e-13		2.25097640071	0.000232	0.742	7.73937e-13
350   	1700  	494.569		2.24856096759	0.000502	0.761	7.34401e-13		2.25362442217	0.000226	0.743	7.71197e-13
350   	1700  	499.772		2.25136884761	0.000481	0.762	7.31789e-13		2.25628221705	0.00022	0.744	7.68519e-13
350   	1700  	504.976		2.25418212537	0.000462	0.763	7.29247e-13		2.25895095864	0.000214	0.745	7.659e-13
350   	1700  	510.179		2.25700220484	0.000444	0.764	7.26771e-13		2.26163179779	0.000209	0.746	7.63339e-13
350   	1700  	515.383		2.25983045601	0.000426	0.765	7.24359e-13		2.26432586502	0.000204	0.746	7.60833e-13
350   	1700  	520.586		2.26266821789	0.000409	0.766	7.22008e-13		2.26703427267	0.000199	0.747	7.58381e-13
350   	1700  	525.79		2.26551680124	0.000394	0.767	7.19715e-13		2.26975811687	0.000194	0.748	7.5598e-13
350   	1700  	530.993		2.26837749128	0.000378	0.768	7.17479e-13		2.27249847947	0.000189	0.749	7.53628e-13
350   	1700  	536.197		2.27125155017	0.000364	0.769	7.15298e-13		2.27525642989	0.000184	0.75	7.51326e-13
350   	1700  	541.4 		2.27414021947	0.00035	0.77	7.13168e-13		2.27803302692	0.00018	0.751	7.49069e-13
350   	1700  	546.604		2.27704472242	0.000337	0.771	7.11089e-13		2.28082932038	0.000175	0.752	7.46858e-13
350   	1700  	551.807		2.27996626617	0.000325	0.772	7.09059e-13		2.28364635283	0.000171	0.753	7.4469e-13
350   	1700  	557.011		2.2829060439	0.000313	0.773	7.07075e-13		2.28648516118	0.000167	0.753	7.42564e-13
350   	1700  	562.214		2.28586523687	0.000301	0.773	7.05136e-13		2.2893467782	0.000163	0.754	7.40478e-13
350   	1700  	567.418		2.28884501641	0.00029	0.774	7.0324e-13		2.29223223414	0.00016	0.755	7.38432e-13
350   	1700  	572.621		2.29184654583	0.00028	0.775	7.01386e-13		2.29514255814	0.000156	0.756	7.36425e-13
350   	1700  	577.825		2.2948709823	0.00027	0.776	6.99573e-13		2.29807877976	0.000152	0.757	7.34454e-13
350   	1700  	583.028		2.29791947862	0.00026	0.776	6.97799e-13		2.30104193039	0.000149	0.757	7.32519e-13
350   	1700  	588.232		2.30099318505	0.000251	0.777	6.96062e-13		2.30403304468	0.000145	0.758	7.30619e-13
350   	1700  	593.435		2.30409325099	0.000242	0.778	6.94361e-13		2.30705316198	0.000142	0.759	7.28753e-13
350   	1700  	598.639		2.30722082673	0.000234	0.779	6.92696e-13		2.31010332767	0.000139	0.76	7.26919e-13
350   	1700  	603.842		2.31037706508	0.000226	0.779	6.91065e-13		2.31318459465	0.000136	0.76	7.25117e-13
350   	1700  	609.046		2.31356312308	0.000218	0.78	6.89466e-13		2.31629802465	0.000133	0.761	7.23345e-13
350   	1700  	614.249		2.31678016361	0.000211	0.781	6.879e-13		2.31944468965	0.00013	0.762	7.21603e-13
350   	1700  	619.453		2.32002935701	0.000204	0.781	6.86364e-13		2.32262567328	0.000127	0.762	7.19891e-13
350   	1700  	624.656		2.32331188276	0.000197	0.782	6.84858e-13		2.32584207225	0.000124	0.763	7.18206e-13
350   	1700  	629.86		2.32662893106	0.00019	0.782	6.8338e-13		2.32909499773	0.000122	0.764	7.16549e-13
350   	1700  	635.063		2.32998170448	0.000184	0.783	6.81931e-13		2.3323855768	0.000119	0.764	7.14918e-13
350   	1700  	640.267		2.33337141963	0.000178	0.784	6.80509e-13		2.33571495394	0.000116	0.765	7.13313e-13
350   	1700  	645.47		2.33679930876	0.000172	0.784	6.79113e-13		2.33908429245	0.000114	0.766	7.11733e-13
350   	1700  	650.674		2.3402666215	0.000167	0.785	6.77742e-13		2.34249477605	0.000112	0.766	7.10178e-13
350   	1700  	655.877		2.34377462651	0.000161	0.785	6.76396e-13		2.34594761036	0.000109	0.767	7.08646e-13
350   	1700  	661.081		2.34732461326	0.000156	0.786	6.75074e-13		2.3494440245	0.000107	0.768	7.07137e-13
350   	1700  	666.284		2.35091789374	0.000151	0.786	6.73775e-13		2.35298527275	0.000105	0.768	7.0565e-13
350   	1700  	671.488		2.35455580431	0.000147	0.787	6.72499e-13		2.35657263617	0.000103	0.769	7.04185e-13
350   	1700  	676.691		2.35823970752	0.000142	0.787	6.71244e-13		2.36020742438	0.0001	0.769	7.02742e-13
350   	1700  	681.895		2.36197099401	0.000138	0.788	6.70011e-13		2.36389097732	9.83e-05	0.77	7.01319e-13
350   	1700  	687.098		2.3657510845	0.000133	0.788	6.68799e-13		2.36762466708	9.63e-05	0.77	6.99916e-13
350   	1700  	692.302		2.36958143175	0.000129	0.789	6.67606e-13		2.37140989983	9.44e-05	0.771	6.98532e-13
350   	1700  	697.505		2.37346352266	0.000125	0.789	6.66433e-13		2.37524811781	9.24e-05	0.772	6.97168e-13
350   	1700  	702.709		2.37739888045	0.000122	0.79	6.65279e-13		2.37914080138	9.06e-05	0.772	6.95822e-13
350   	1700  	707.912		2.38138906687	0.000118	0.79	6.64143e-13		2.38308947117	8.87e-05	0.773	6.94494e-13
350   	1700  	713.116		2.38543568453	0.000114	0.791	6.63025e-13		2.38709569033	8.7e-05	0.773	6.93184e-13
350   	1700  	718.319		2.38954037932	0.000111	0.791	6.61925e-13		2.39116106685	8.52e-05	0.774	6.9189e-13
350   	1700  	723.523		2.39370484291	0.000108	0.792	6.60841e-13		2.39528725603	8.35e-05	0.774	6.90614e-13
350   	1700  	728.726		2.39793081542	0.000105	0.792	6.59774e-13		2.39947596304	8.19e-05	0.775	6.89353e-13
350   	1700  	733.93		2.40222008812	0.000101	0.793	6.58723e-13		2.40372894556	8.02e-05	0.775	6.88108e-13
350   	1700  	739.133		2.40657450637	9.85e-05	0.793	6.57687e-13		2.40804801667	7.86e-05	0.776	6.86879e-13
350   	1700  	744.337		2.41099597256	9.57e-05	0.793	6.56666e-13		2.41243504775	7.71e-05	0.776	6.85665e-13
350   	1700  	749.54		2.41548644937	9.29e-05	0.794	6.55661e-13		2.41689197159	7.56e-05	0.777	6.84465e-13
350   	1700  	754.744		2.42004796299	9.03e-05	0.794	6.54669e-13		2.42142078572	7.41e-05	0.777	6.8328e-13
350   	1700  	759.947		2.42468260673	8.77e-05	0.795	6.53692e-13		2.42602355579	7.26e-05	0.778	6.82108e-13
350   	1700  	765.151		2.42939254463	8.52e-05	0.795	6.52728e-13		2.43070241927	7.12e-05	0.778	6.8095e-13
350   	1700  	770.354		2.43418001538	8.28e-05	0.795	6.51778e-13		2.43545958925	6.98e-05	0.779	6.79805e-13
350   	1700  	775.558		2.43904733642	8.05e-05	0.796	6.5084e-13		2.44029735852	6.85e-05	0.779	6.78673e-13
350   	1700  	780.761		2.44399690828	7.82e-05	0.796	6.49915e-13		2.44521810385	6.72e-05	0.78	6.77553e-13
350   	1700  	785.965		2.44903121915	7.61e-05	0.797	6.49002e-13		2.45022429056	6.59e-05	0.78	6.76446e-13
350   	1700  	791.168		2.45415284973	7.4e-05	0.797	6.48101e-13		2.45531847732	6.46e-05	0.781	6.7535e-13
350   	1700  	796.372		2.45936447844	7.19e-05	0.797	6.47212e-13		2.46050332125	6.33e-05	0.781	6.74266e-13
350   	1700  	801.575		2.46466888676	6.99e-05	0.798	6.46334e-13		2.46578158336	6.21e-05	0.782	6.73193e-13
350   	1700  	806.779		2.47006896513	6.8e-05	0.798	6.45467e-13		2.4711561343	6.09e-05	0.782	6.72131e-13
350   	1700  	811.982		2.47556771904	6.62e-05	0.798	6.44611e-13		2.4766299605	5.97e-05	0.782	6.7108e-13
350   	1700  	817.186		2.48116827561	6.44e-05	0.799	6.43766e-13		2.48220617065	5.86e-05	0.783	6.70039e-13
350   	1700  	822.389		2.48687389055	6.27e-05	0.799	6.4293e-13		2.48788800269	5.74e-05	0.783	6.69009e-13
350   	1700  	827.593		2.49268795557	6.1e-05	0.799	6.42105e-13		2.49367883117	5.63e-05	0.784	6.67988e-13
350   	1700  	832.796		2.49861400631	5.94e-05	0.8	6.41289e-13		2.49958217514	5.52e-05	0.784	6.66977e-13
350   	1700  	838   		2.50465573079	5.78e-05	0.8	6.40483e-13		2.50560170664	5.42e-05	0.785	6.65975e-13
350   	1700  	843.203		2.51081697848	5.62e-05	0.8	6.39686e-13		2.51174125961	5.31e-05	0.785	6.64982e-13
350   	1700  	848.407		2.51710176987	5.48e-05	0.801	6.38898e-13		2.51800483962	5.21e-05	0.786	6.63998e-13
350   	1700  	853.61		2.52351430691	5.33e-05	0.801	6.38119e-13		2.52439663412	5.11e-05	0.786	6.63023e-13
350   	1700  	858.814		2.53005898401	5.19e-05	0.801	6.37349e-13		2.53092102354	5.01e-05	0.786	6.62056e-13
350   	1700  	864.017		2.53674039993	5.06e-05	0.802	6.36586e-13		2.53758259312	4.91e-05	0.787	6.61097e-13
350   	1700  	869.221		2.54356337059	4.92e-05	0.802	6.35832e-13		2.54438614564	4.82e-05	0.787	6.60146e-13
350   	1700  	874.424		2.55053294267	4.8e-05	0.802	6.35086e-13		2.55133671512	4.72e-05	0.788	6.59202e-13
350   	1700  	879.628		2.55765440843	4.67e-05	0.803	6.34348e-13		2.55843958152	4.63e-05	0.788	6.58266e-13
350   	1700  	884.831		2.56493332152	4.55e-05	0.803	6.33617e-13		2.5657002866	4.54e-05	0.788	6.57338e-13
350   	1700  	890.035		2.57237551409	4.44e-05	0.803	6.32893e-13		2.57312465097	4.45e-05	0.789	6.56416e-13
350   	1700  	895.238		2.57998711523	4.32e-05	0.803	6.32177e-13		2.58071879256	4.36e-05	0.789	6.55501e-13
350   	1700  	900.442		2.58777457088	4.21e-05	0.804	6.31467e-13		2.58848914648	4.28e-05	0.79	6.54592e-13
350   	1700  	905.645		2.59574466538	4.11e-05	0.804	6.30765e-13		2.59644248653	4.19e-05	0.79	6.5369e-13
350   	1700  	910.849		2.60390454474	4e-05	0.804	6.30069e-13		2.60458594855	4.11e-05	0.79	6.52794e-13
350   	1700  	916.052		2.61226174193	3.9e-05	0.805	6.29379e-13		2.61292705561	4.03e-05	0.791	6.51904e-13
350   	1700  	921.256		2.62082420425	3.8e-05	0.805	6.28696e-13		2.62147374538	3.95e-05	0.791	6.5102e-13
350   	1700  	926.459		2.62960032307	3.71e-05	0.805	6.28019e-13		2.63023439993	3.87e-05	0.792	6.50141e-13
350   	1700  	931.663		2.63859896623	3.61e-05	0.805	6.27347e-13		2.63921787801	3.79e-05	0.792	6.49267e-13
350   	1700  	936.866		2.64782951324	3.52e-05	0.806	6.26682e-13		2.64843355032	3.71e-05	0.792	6.48399e-13
350   	1700  	942.07		2.6573018937	3.44e-05	0.806	6.26022e-13		2.6578913379	3.63e-05	0.793	6.47535e-13
350   	1700  	947.273		2.66702662923	3.35e-05	0.806	6.25368e-13		2.66760175404	3.56e-05	0.793	6.46676e-13
350   	1700  	952.477		2.67701487935	3.27e-05	0.806	6.24719e-13		2.67757595011	3.48e-05	0.793	6.45822e-13
350   	1700  	957.68		2.6872784916	3.19e-05	0.807	6.24075e-13		2.68782576579	3.41e-05	0.794	6.44972e-13
350   	1700  	962.884		2.69783005666	3.11e-05	0.807	6.23436e-13		2.69836378405	3.34e-05	0.794	6.44126e-13
350   	1700  	968.087		2.70868296871	3.03e-05	0.807	6.22803e-13		2.70920339158	3.27e-05	0.795	6.43283e-13
350   	1700  	973.291		2.71985149191	2.96e-05	0.807	6.22174e-13		2.72035884523	3.2e-05	0.795	6.42445e-13
350   	1700  	978.494		2.7313508336	2.89e-05	0.808	6.21549e-13		2.73184534521	3.13e-05	0.795	6.4161e-13
350   	1700  	983.698		2.74319722508	2.82e-05	0.808	6.20929e-13		2.74367911587	3.06e-05	0.796	6.40778e-13
350   	1700  	988.901		2.75540801087	2.75e-05	0.808	6.20314e-13		2.75587749494	2.99e-05	0.796	6.39949e-13
350   	1700  	994.105		2.76800174758	2.68e-05	0.808	6.19702e-13		2.76845903239	2.92e-05	0.796	6.39123e-13
350   	1700  	999.308		2.78099831353	2.62e-05	0.809	6.19095e-13		2.78144360007	2.86e-05	0.797	6.38299e-13
350   	1800  	119.917		1.8557161783	0.947	0.428	2.37844e-12		1.72916728297	0.628	0.261	6.63331e-12
350   	1800  	125.12		1.87555718357	0.95	0.447	2.21917e-12		1.75466800283	0.664	0.289	5.23946e-12
350   	1800  	130.324		1.89394087864	0.952	0.463	2.08521e-12		1.77900846327	0.69	0.316	4.32825e-12
350   	1800  	135.527		1.91099923288	0.954	0.479	1.97115e-12		1.80211075034	0.711	0.34	3.69427e-12
350   	1800  	140.731		1.92685272112	0.956	0.493	1.87299e-12		1.82394796021	0.728	0.363	3.23053e-12
350   	1800  	145.934		1.94161077728	0.958	0.507	1.78769e-12		1.84453036891	0.742	0.385	2.87795e-12
350   	1800  	151.138		1.9553724607	0.96	0.519	1.71294e-12		1.86389325534	0.755	0.405	2.60173e-12
350   	1800  	156.341		1.96822723601	0.962	0.531	1.64694e-12		1.88208772264	0.767	0.425	2.38014e-12
350   	1800  	161.545		1.98025579498	0.964	0.541	1.58826e-12		1.89917413464	0.777	0.443	2.19894e-12
350   	1800  	166.748		1.99153087267	0.966	0.551	1.53575e-12		1.91521752967	0.787	0.46	2.04838e-12
350   	1800  	171.952		2.00211802843	0.967	0.56	1.48852e-12		1.93028446976	0.796	0.476	1.92159e-12
350   	1800  	177.155		2.01207637545	0.969	0.569	1.4458e-12		1.9444409191	0.805	0.491	1.81356e-12
350   	1800  	182.359		2.02145925091	0.97	0.577	1.40699e-12		1.9577508566	0.813	0.506	1.72058e-12
350   	1800  	187.562		2.03031482463	0.972	0.585	1.37158e-12		1.97027540934	0.82	0.519	1.63982e-12
350   	1800  	192.766		2.03868664736	0.973	0.592	1.33913e-12		1.98207235289	0.828	0.532	1.56912e-12
350   	1800  	197.969		2.04661414201	0.974	0.599	1.30931e-12		1.99319586699	0.834	0.544	1.50678e-12
350   	1800  	203.173		2.05413304199	0.975	0.605	1.28179e-12		2.00369646633	0.841	0.555	1.45145e-12
350   	1800  	208.376		2.06127578132	0.976	0.612	1.25632e-12		2.01362104859	0.847	0.566	1.40205e-12
350   	1800  	213.58		2.06807184139	0.977	0.617	1.23269e-12		2.02301301855	0.853	0.576	1.35772e-12
350   	1800  	218.783		2.07454805874	0.978	0.623	1.21069e-12		2.03191245886	0.858	0.585	1.31772e-12
350   	1800  	223.987		2.08072889828	0.979	0.628	1.19017e-12		2.04035632714	0.864	0.594	1.28149e-12
350   	1800  	229.19		2.0866366958	0.98	0.633	1.17098e-12		2.04837866498	0.869	0.602	1.24852e-12
350   	1800  	234.394		2.09229187324	0.981	0.638	1.153e-12		2.05601080935	0.874	0.61	1.2184e-12
350   	1800  	239.597		2.09771313008	0.981	0.642	1.1361e-12		2.06328159977	0.878	0.618	1.1908e-12
350   	1800  	244.801		2.10291761341	0.982	0.646	1.1202e-12		2.07021757739	0.882	0.625	1.16541e-12
350   	1800  	250.004		2.10792106947	0.983	0.65	1.10521e-12		2.07684317334	0.886	0.632	1.14199e-12
350   	1800  	255.208		2.11273797852	0.983	0.654	1.09106e-12		2.08318088509	0.89	0.638	1.12033e-12
350   	1800  	260.411		2.11738167534	0.984	0.658	1.07766e-12		2.08925144023	0.894	0.644	1.10023e-12
350   	1800  	265.615		2.12186445675	0.985	0.662	1.06498e-12		2.09507394783	0.898	0.65	1.08153e-12
350   	1800  	270.818		2.12619767786	0.985	0.665	1.05293e-12		2.10066603744	0.901	0.656	1.06411e-12
350   	1800  	276.022		2.13039183826	0.986	0.668	1.04149e-12		2.10604398653	0.904	0.661	1.04783e-12
350   	1800  	281.225		2.1344566593	0.986	0.672	1.03061e-12		2.11122283697	0.907	0.666	1.03259e-12
350   	1800  	286.429		2.13840115349	0.987	0.675	1.02023e-12		2.11621650125	0.91	0.671	1.01829e-12
350   	1800  	291.632		2.14223368698	0.987	0.678	1.01034e-12		2.12103785931	0.913	0.675	1.00485e-12
350   	1800  	296.836		2.1256988466	0.00381	0.679	9.92194e-13		2.14596203575	0.000687	0.68	1.00089e-12
350   	1800  	302.039		2.13021053431	0.00355	0.683	9.80261e-13		2.14959343631	0.00066	0.683	9.91856e-13
350   	1800  	307.243		2.13458320222	0.00331	0.687	9.68988e-13		2.15313463148	0.000634	0.686	9.8321e-13
350   	1800  	312.446		2.13882640504	0.00309	0.691	9.58323e-13		2.15659191182	0.000609	0.688	9.74927e-13
350   	1800  	317.65		2.14294903273	0.00289	0.695	9.4822e-13		2.15997115304	0.000586	0.691	9.66984e-13
350   	1800  	322.853		2.14695936534	0.00271	0.698	9.38634e-13		2.16327785006	0.000564	0.693	9.5936e-13
350   	1800  	328.057		2.150865123 	0.00254	0.701	9.29528e-13		2.16651714778	0.000543	0.695	9.52036e-13
350   	1800  	333.26		2.15467351136	0.00238	0.705	9.20867e-13		2.16969386915	0.000524	0.698	9.44993e-13
350   	1800  	338.464		2.15839126307	0.00224	0.708	9.12619e-13		2.17281254071	0.000505	0.7	9.38216e-13
350   	1800  	343.667		2.1620246755	0.0021	0.71	9.04755e-13		2.17587741579	0.000487	0.702	9.31688e-13
350   	1800  	348.871		2.1655796453	0.00198	0.713	8.9725e-13		2.17889249573	0.00047	0.704	9.25397e-13
350   	1800  	354.074		2.16906169979	0.00186	0.716	8.90079e-13		2.18186154929	0.000454	0.706	9.19329e-13
350   	1800  	359.278		2.17247602577	0.00176	0.718	8.83221e-13		2.18478813034	0.000438	0.708	9.13472e-13
350   	1800  	364.481		2.1758274958	0.00166	0.721	8.76656e-13		2.18767559408	0.000423	0.71	9.07815e-13
350   	1800  	369.685		2.17912069231	0.00157	0.723	8.70365e-13		2.19052711194	0.000409	0.711	9.02347e-13
350   	1800  	374.888		2.18235992959	0.00148	0.726	8.64331e-13		2.19334568522	0.000396	0.713	8.97059e-13
350   	1800  	380.092		2.18554927409	0.0014	0.728	8.5854e-13		2.19613415763	0.000383	0.715	8.91942e-13
350   	1800  	385.295		2.18869256293	0.00133	0.73	8.52976e-13		2.19889522683	0.000371	0.717	8.86986e-13
350   	1800  	390.499		2.19179342096	0.00126	0.732	8.47626e-13		2.20163145507	0.000359	0.718	8.82185e-13
350   	1800  	395.702		2.19485527645	0.00119	0.734	8.42479e-13		2.20434527899	0.000348	0.72	8.77531e-13
350   	1800  	400.906		2.19788137551	0.00113	0.736	8.37523e-13		2.20703901866	0.000337	0.721	8.73017e-13
350   	1800  	406.109		2.20087479537	0.00107	0.738	8.32746e-13		2.20971488594	0.000327	0.723	8.68636e-13
350   	1800  	411.313		2.20383845667	0.00102	0.74	8.28141e-13		2.21237499223	0.000317	0.724	8.64382e-13
350   	1800  	416.516		2.20677513474	0.000968	0.741	8.23697e-13		2.21502135563	0.000307	0.726	8.6025e-13
350   	1800  	421.72		2.20968747009	0.00092	0.743	8.19406e-13		2.21765590759	0.000298	0.727	8.56234e-13
350   	1800  	426.923		2.21257797805	0.000876	0.745	8.1526e-13		2.22028049908	0.00029	0.728	8.52329e-13
350   	1800  	432.127		2.21544905772	0.000834	0.746	8.11253e-13		2.22289690633	0.000281	0.73	8.4853e-13
350   	1800  	437.33		2.21830300032	0.000795	0.748	8.07376e-13		2.22550683618	0.000273	0.731	8.44833e-13
350   	1800  	442.534		2.22114199683	0.000758	0.749	8.03623e-13		2.22811193104	0.000265	0.732	8.41234e-13
350   	1800  	447.737		2.22396814518	0.000723	0.751	7.99989e-13		2.23071377354	0.000258	0.733	8.37728e-13
350   	1800  	452.941		2.22678345688	0.00069	0.752	7.96468e-13		2.2333138909	0.000251	0.735	8.34311e-13
350   	1800  	458.144		2.22958986324	0.000659	0.753	7.93055e-13		2.23591375894	0.000244	0.736	8.30981e-13
350   	1800  	463.348		2.23238922113	0.000629	0.755	7.89744e-13		2.23851480593	0.000237	0.737	8.27733e-13
350   	1800  	468.551		2.23518331833	0.000601	0.756	7.86531e-13		2.24111841613	0.000231	0.738	8.24564e-13
350   	1800  	473.755		2.23797387865	0.000575	0.757	7.83412e-13		2.24372593316	0.000225	0.739	8.21471e-13
350   	1800  	478.958		2.24076256655	0.00055	0.758	7.80382e-13		2.24633866316	0.000219	0.74	8.18452e-13
350   	1800  	484.162		2.24355099161	0.000527	0.76	7.77438e-13		2.24895787773	0.000213	0.741	8.15504e-13
350   	1800  	489.365		2.24634071264	0.000504	0.761	7.74575e-13		2.25158481678	0.000207	0.742	8.12623e-13
350   	1800  	494.569		2.24913324159	0.000483	0.762	7.71791e-13		2.25422069118	0.000202	0.743	8.09808e-13
350   	1800  	499.772		2.2519300472	0.000463	0.763	7.69082e-13		2.25686668525	0.000197	0.744	8.07056e-13
350   	1800  	504.976		2.25473255843	0.000444	0.764	7.66445e-13		2.25952395915	0.000192	0.745	8.04364e-13
350   	1800  	510.179		2.25754216776	0.000426	0.765	7.63876e-13		2.26219365118	0.000187	0.746	8.01731e-13
350   	1800  	515.383		2.26036023423	0.000409	0.766	7.61374e-13		2.26487687991	0.000182	0.747	7.99155e-13
350   	1800  	520.586		2.26318808636	0.000393	0.767	7.58936e-13		2.26757474626	0.000178	0.748	7.96633e-13
350   	1800  	525.79		2.26602702494	0.000377	0.768	7.56559e-13		2.27028833548	0.000174	0.749	7.94164e-13
350   	1800  	530.993		2.26887832562	0.000362	0.769	7.5424e-13		2.27301871902	0.000169	0.75	7.91746e-13
350   	1800  	536.197		2.27174324146	0.000348	0.77	7.51978e-13		2.27576695637	0.000165	0.751	7.89377e-13
350   	1800  	541.4 		2.27462300529	0.000335	0.771	7.4977e-13		2.2785340968	0.000161	0.752	7.87055e-13
350   	1800  	546.604		2.27751883203	0.000322	0.771	7.47615e-13		2.28132118107	0.000157	0.752	7.8478e-13
350   	1800  	551.807		2.28043192083	0.00031	0.772	7.4551e-13		2.28412924305	0.000154	0.753	7.82549e-13
350   	1800  	557.011		2.28336345725	0.000298	0.773	7.43453e-13		2.28695931134	0.00015	0.754	7.8036e-13
350   	1800  	562.214		2.28631461524	0.000287	0.774	7.41443e-13		2.28981241075	0.000147	0.755	7.78214e-13
350   	1800  	567.418		2.28928655913	0.000276	0.775	7.39479e-13		2.29268956392	0.000143	0.756	7.76108e-13
350   	1800  	572.621		2.29228044553	0.000266	0.775	7.37557e-13		2.2955917927	0.00014	0.756	7.7404e-13
350   	1800  	577.825		2.29529742515	0.000257	0.776	7.35678e-13		2.29852011963	0.000137	0.757	7.72011e-13
350   	1800  	583.028		2.29833864466	0.000247	0.777	7.33839e-13		2.30147556942	0.000134	0.758	7.70018e-13
350   	1800  	588.232		2.30140524838	0.000239	0.778	7.3204e-13		2.30445917029	0.000131	0.759	7.68061e-13
350   	1800  	593.435		2.30449838005	0.00023	0.778	7.30278e-13		2.30747195541	0.000128	0.759	7.66139e-13
350   	1800  	598.639		2.3076191845	0.000222	0.779	7.28553e-13		2.31051496425	0.000125	0.76	7.64249e-13
350   	1800  	603.842		2.31076880932	0.000214	0.78	7.26863e-13		2.31358924402	0.000122	0.761	7.62392e-13
350   	1800  	609.046		2.31394840653	0.000207	0.78	7.25207e-13		2.316695851 	0.00012	0.762	7.60567e-13
350   	1800  	614.249		2.31715913415	0.0002	0.781	7.23584e-13		2.31983585192	0.000117	0.762	7.58772e-13
350   	1800  	619.453		2.32040215791	0.000193	0.782	7.21993e-13		2.3230103254	0.000114	0.763	7.57007e-13
350   	1800  	624.656		2.32367865282	0.000187	0.782	7.20434e-13		2.32622036327	0.000112	0.764	7.5527e-13
350   	1800  	629.86		2.32698980478	0.00018	0.783	7.18904e-13		2.32946707207	0.00011	0.764	7.53562e-13
350   	1800  	635.063		2.33033681224	0.000174	0.783	7.17403e-13		2.33275157438	0.000107	0.765	7.51881e-13
350   	1800  	640.267		2.33372088782	0.000168	0.784	7.1593e-13		2.33607501038	0.000105	0.766	7.50226e-13
350   	1800  	645.47		2.33714325995	0.000163	0.785	7.14485e-13		2.33943853924	0.000103	0.766	7.48596e-13
350   	1800  	650.674		2.34060517458	0.000158	0.785	7.13066e-13		2.34284334066	0.000101	0.767	7.46992e-13
350   	1800  	655.877		2.34410789682	0.000153	0.786	7.11672e-13		2.34629061642	9.85e-05	0.767	7.45412e-13
350   	1800  	661.081		2.34765271269	0.000148	0.786	7.10304e-13		2.34978159194	9.64e-05	0.768	7.43856e-13
350   	1800  	666.284		2.35124093092	0.000143	0.787	7.0896e-13		2.35331751792	9.44e-05	0.769	7.42322e-13
350   	1800  	671.488		2.35487388465	0.000138	0.787	7.07639e-13		2.35689967199	9.25e-05	0.769	7.40811e-13
350   	1800  	676.691		2.35855293339	0.000134	0.788	7.0634e-13		2.36052936044	9.06e-05	0.77	7.39322e-13
350   	1800  	681.895		2.36227946483	0.00013	0.788	7.05064e-13		2.36420792001	8.88e-05	0.77	7.37853e-13
350   	1800  	687.098		2.36605489679	0.000126	0.789	7.03809e-13		2.36793671971	8.7e-05	0.771	7.36406e-13
350   	1800  	692.302		2.3698806793	0.000122	0.789	7.02575e-13		2.37171716272	8.52e-05	0.771	7.34978e-13
350   	1800  	697.505		2.37375829659	0.000118	0.79	7.01362e-13		2.3755506884	8.35e-05	0.772	7.3357e-13
350   	1800  	702.709		2.37768926931	0.000115	0.79	7.00168e-13		2.37943877433	8.18e-05	0.773	7.32181e-13
350   	1800  	707.912		2.38167515671	0.000111	0.791	6.98993e-13		2.38338293845	8.02e-05	0.773	7.3081e-13
350   	1800  	713.116		2.38571755902	0.000108	0.791	6.97836e-13		2.38738474133	7.86e-05	0.774	7.29457e-13
350   	1800  	718.319		2.38981811977	0.000105	0.792	6.96698e-13		2.39144578844	7.7e-05	0.774	7.28122e-13
350   	1800  	723.523		2.39397852842	0.000101	0.792	6.95577e-13		2.39556773266	7.55e-05	0.775	7.26804e-13
350   	1800  	728.726		2.39820052289	9.84e-05	0.792	6.94474e-13		2.39975227681	7.4e-05	0.775	7.25502e-13
350   	1800  	733.93		2.40248589237	9.55e-05	0.793	6.93386e-13		2.40400117631	7.26e-05	0.776	7.24217e-13
350   	1800  	739.133		2.40683648015	9.27e-05	0.793	6.92316e-13		2.40831624204	7.12e-05	0.776	7.22948e-13
350   	1800  	744.337		2.41125418668	9e-05	0.794	6.9126e-13		2.41269934325	6.98e-05	0.777	7.21694e-13
350   	1800  	749.54		2.41574097269	8.74e-05	0.794	6.90221e-13		2.41715241068	6.84e-05	0.777	7.20455e-13
350   	1800  	754.744		2.42029886257	8.49e-05	0.795	6.89196e-13		2.42167743987	6.71e-05	0.778	7.1923e-13
350   	1800  	759.947		2.42492994779	8.25e-05	0.795	6.88185e-13		2.42627649453	6.58e-05	0.778	7.1802e-13
350   	1800  	765.151		2.42963639068	8.01e-05	0.795	6.87189e-13		2.43095171027	6.45e-05	0.779	7.16823e-13
350   	1800  	770.354		2.43442042823	7.79e-05	0.796	6.86207e-13		2.43570529835	6.33e-05	0.779	7.15641e-13
350   	1800  	775.558		2.43928437625	7.57e-05	0.796	6.85237e-13		2.44053954981	6.2e-05	0.78	7.14471e-13
350   	1800  	780.761		2.44423063367	7.36e-05	0.796	6.84281e-13		2.44545683971	6.09e-05	0.78	7.13314e-13
350   	1800  	785.965		2.44926168714	7.15e-05	0.797	6.83338e-13		2.45045963173	5.97e-05	0.781	7.1217e-13
350   	1800  	791.168		2.45438011589	6.95e-05	0.797	6.82407e-13		2.45555048291	5.85e-05	0.781	7.11037e-13
350   	1800  	796.372		2.45958859684	6.76e-05	0.798	6.81488e-13		2.46073204882	5.74e-05	0.782	7.09917e-13
350   	1800  	801.575		2.4648899101	6.58e-05	0.798	6.80581e-13		2.46600708895	5.63e-05	0.782	7.08808e-13
350   	1800  	806.779		2.47028694471	6.4e-05	0.798	6.79686e-13		2.4713784725	5.52e-05	0.782	7.07711e-13
350   	1800  	811.982		2.47578270484	6.22e-05	0.799	6.78801e-13		2.47684918443	5.42e-05	0.783	7.06624e-13
350   	1800  	817.186		2.48138031631	6.05e-05	0.799	6.77928e-13		2.48242233207	5.31e-05	0.783	7.05549e-13
350   	1800  	822.389		2.48708303355	5.89e-05	0.799	6.77065e-13		2.48810115199	5.21e-05	0.784	7.04483e-13
350   	1800  	827.593		2.49289424704	5.73e-05	0.8	6.76213e-13		2.49388901742	5.11e-05	0.784	7.03428e-13
350   	1800  	832.796		2.49881749123	5.58e-05	0.8	6.7537e-13		2.49978944614	5.02e-05	0.785	7.02382e-13
350   	1800  	838   		2.50485645299	5.43e-05	0.8	6.74538e-13		2.50580610893	4.92e-05	0.785	7.01346e-13
350   	1800  	843.203		2.5110149806	5.29e-05	0.801	6.73715e-13		2.51194283852	4.83e-05	0.785	7.0032e-13
350   	1800  	848.407		2.5172970935	5.15e-05	0.801	6.72901e-13		2.51820363928	4.73e-05	0.786	6.99302e-13
350   	1800  	853.61		2.5237069925	5.02e-05	0.801	6.72097e-13		2.52459269752	4.64e-05	0.786	6.98294e-13
350   	1800  	858.814		2.53024907098	4.88e-05	0.802	6.71301e-13		2.53111439252	4.55e-05	0.787	6.97294e-13
350   	1800  	864.017		2.53692792668	4.76e-05	0.802	6.70514e-13		2.53777330843	4.47e-05	0.787	6.96302e-13
350   	1800  	869.221		2.54374837448	4.64e-05	0.802	6.69736e-13		2.54457424696	4.38e-05	0.788	6.95318e-13
350   	1800  	874.424		2.55071546009	4.52e-05	0.802	6.68965e-13		2.55152224107	4.3e-05	0.788	6.94342e-13
350   	1800  	879.628		2.5578344748	4.4e-05	0.803	6.68203e-13		2.55862256969	4.21e-05	0.788	6.93374e-13
350   	1800  	884.831		2.56511097131	4.29e-05	0.803	6.67449e-13		2.56588077357	4.13e-05	0.789	6.92413e-13
350   	1800  	890.035		2.57255078084	4.18e-05	0.803	6.66702e-13		2.57330267235	4.05e-05	0.789	6.9146e-13
350   	1800  	895.238		2.58016003158	4.07e-05	0.804	6.65963e-13		2.58089438298	3.97e-05	0.79	6.90513e-13
350   	1800  	900.442		2.58794516857	3.97e-05	0.804	6.65231e-13		2.58866233962	3.89e-05	0.79	6.89573e-13
350   	1800  	905.645		2.59591297529	3.87e-05	0.804	6.64506e-13		2.59661331516	3.82e-05	0.79	6.8864e-13
350   	1800  	910.849		2.60407059687	3.77e-05	0.804	6.63787e-13		2.60475444452	3.74e-05	0.791	6.87713e-13
350   	1800  	916.052		2.61242556545	3.68e-05	0.805	6.63076e-13		2.61309324986	3.67e-05	0.791	6.86791e-13
350   	1800  	921.256		2.62098582748	3.59e-05	0.805	6.62371e-13		2.62163766799	3.59e-05	0.791	6.85876e-13
350   	1800  	926.459		2.62975977353	3.5e-05	0.805	6.61673e-13		2.6303960801	3.52e-05	0.792	6.84967e-13
350   	1800  	931.663		2.63875627062	3.41e-05	0.806	6.6098e-13		2.63937734409	3.45e-05	0.792	6.84062e-13
350   	1800  	936.866		2.64798469746	3.33e-05	0.806	6.60294e-13		2.64859082983	3.38e-05	0.793	6.83163e-13
350   	1800  	942.07		2.65745498287	3.25e-05	0.806	6.59613e-13		2.6580464575	3.31e-05	0.793	6.82269e-13
350   	1800  	947.273		2.66717764768	3.17e-05	0.806	6.58938e-13		2.66775473958	3.24e-05	0.793	6.8138e-13
350   	1800  	952.477		2.67716385063	3.09e-05	0.807	6.58269e-13		2.67772682665	3.18e-05	0.794	6.80496e-13
350   	1800  	957.68		2.68742543852	3.02e-05	0.807	6.57605e-13		2.68797455755	3.11e-05	0.794	6.79616e-13
350   	1800  	962.884		2.69797500124	2.94e-05	0.807	6.56947e-13		2.69851051447	3.04e-05	0.795	6.78739e-13
350   	1800  	968.087		2.70882593222	2.87e-05	0.807	6.56293e-13		2.7093480833	2.98e-05	0.795	6.77867e-13
350   	1800  	973.291		2.71999249487	2.8e-05	0.808	6.55645e-13		2.72050152009	2.92e-05	0.795	6.76999e-13
350   	1800  	978.494		2.73148989577	2.74e-05	0.808	6.55001e-13		2.73198602429	2.85e-05	0.796	6.76134e-13
350   	1800  	983.698		2.74333436548	2.67e-05	0.808	6.54362e-13		2.74381781944	2.79e-05	0.796	6.75273e-13
350   	1800  	988.901		2.75554324776	2.61e-05	0.808	6.53727e-13		2.75601424249	2.73e-05	0.796	6.74414e-13
350   	1800  	994.105		2.76813509846	2.55e-05	0.809	6.53097e-13		2.76859384262	2.67e-05	0.797	6.73559e-13
350   	1800  	999.308		2.78112979515	2.49e-05	0.809	6.52471e-13		2.78157649091	2.61e-05	0.797	6.72706e-13
