Effective Refractive Indices:
rel_box_size:     0.001
rel_grid_spacing: 20
rel_tolerance:    0
eigenvectors:     4
boundary cond:    0000
Wavelengths from 0.4 um to 4.5 um in 170 steps
Heights from 0.77 um to 0.77 um in 1 steps
Widths from 0.76 um to 0.76 um in 1 steps
height	width	frequency	Ex_n_eff		Ex_frac	Ex_core	Ex_A_eff		Ey_n_eff		Ey_frac	Ey_core	Ey_A_eff
770   	760   	66.6205		1.31456581265	0.984	0.00141	7.08746e-08		1.31120871853	0.947	0.00348	2.12355e-08
770   	760   	70.6611		1.33192325472	0.986	0.00134	7.86883e-08		1.3291145957	0.953	0.00327	2.33674e-08
770   	760   	74.7017		1.34599840946	0.987	0.0013	8.4026e-08		1.34364316345	0.958	0.00313	2.45181e-08
770   	760   	78.7423		1.35760933819	0.989	0.00128	8.67032e-08		1.35563116488	0.962	0.00307	2.45876e-08
770   	760   	82.7829		1.36732548436	0.99	0.00128	8.6662e-08		1.36566417067	0.966	0.00308	2.35767e-08
770   	760   	86.8235		1.37555563393	0.991	0.00131	8.39751e-08		1.3741643718	0.969	0.00316	2.15864e-08
770   	760   	90.8641		1.38260091313	0.991	0.00136	7.88466e-08		1.38144410734	0.971	0.00333	1.88084e-08
770   	760   	94.9047		1.38868808911	0.992	0.00143	7.1609e-08		1.38773991104	0.974	0.0036	1.55066e-08
770   	760   	98.9453		1.39399126531	0.993	0.00155	6.27144e-08		1.39323510656	0.976	0.00404	1.19903e-08
770   	760   	102.986		1.39864648285	0.993	0.0017	5.27165e-08		1.39807563961	0.977	0.00472	8.58032e-09
770   	760   	107.026		1.40276186663	0.993	0.00192	4.22437e-08		1.4023822985	0.978	0.00579	5.56885e-09
770   	760   	111.067		1.40642494738	0.993	0.00223	3.19592e-08		1.40626232235	0.979	0.00761	3.17662e-09
770   	760   	115.108		1.4097082696	0.994	0.00269	2.25079e-08		1.40982562092	0.98	0.011	1.51343e-09
770   	760   	119.148		1.41267422684	0.993	0.00339	1.44504e-08		1.41322124314	0.978	0.0181	5.52418e-10
770   	760   	123.189		1.41538037168	0.993	0.00457	8.18642e-09		1.41675979024	0.972	0.037	1.34125e-10
770   	760   	127.229		1.41788801795	0.992	0.00672	3.8784e-09		1.42143743487	0.947	0.0988	2.00215e-11
770   	760   	131.27		1.42028365084	0.989	0.0113	1.3961e-09		1.4300346013	0.891	0.233	4.15476e-12
770   	760   	135.311		1.42275793825	0.981	0.0241	3.17197e-10		1.44344271277	0.852	0.331	2.28126e-12
770   	760   	139.351		1.42604340386	0.949	0.0762	3.36909e-11		1.45918221068	0.833	0.391	1.75483e-12
770   	760   	143.392		1.4335735368	0.846	0.251	3.62975e-12		1.47585599389	0.822	0.436	1.48538e-12
770   	760   	147.432		1.44785300657	0.785	0.376	1.82608e-12		1.49285618056	0.816	0.474	1.31054e-12
770   	760   	151.473		1.46498952131	0.763	0.441	1.42818e-12		1.50985121861	0.812	0.507	1.18401e-12
770   	760   	155.514		1.4830423346	0.754	0.487	1.23055e-12		1.52663520452	0.81	0.538	1.08666e-12
770   	760   	159.554		1.50128000263	0.751	0.525	1.10284e-12		1.54307370742	0.809	0.566	1.00873e-12
770   	760   	163.595		1.51933156817	0.75	0.558	1.01015e-12		1.55907835049	0.81	0.591	9.44605e-13
770   	760   	167.635		1.53698484323	0.752	0.587	9.38365e-13		1.57459245466	0.811	0.615	8.9073e-13
770   	760   	171.676		1.55411493631	0.755	0.614	8.80429e-13		1.5895819131	0.813	0.637	8.44731e-13
770   	760   	175.717		1.57065033072	0.758	0.638	8.32307e-13		1.60402895213	0.816	0.658	8.04942e-13
770   	760   	179.757		1.58655392766	0.763	0.66	7.91483e-13		1.617927674 	0.819	0.677	7.70152e-13
770   	760   	183.798		1.60181140562	0.768	0.68	7.56284e-13		1.63128078887	0.822	0.695	7.39455e-13
770   	760   	187.838		1.61642365751	0.774	0.699	7.25542e-13		1.64409718287	0.825	0.712	7.12156e-13
770   	760   	191.879		1.63040170365	0.779	0.716	6.98409e-13		1.65639009418	0.829	0.727	6.87714e-13
770   	760   	195.92		1.64376319621	0.785	0.732	6.74253e-13		1.66817574065	0.833	0.742	6.65697e-13
770   	760   	199.96		1.65652998623	0.791	0.747	6.52587e-13		1.6794722871	0.836	0.755	6.45761e-13
770   	760   	204.001		1.66872641906	0.796	0.761	6.3303e-13		1.6902990704	0.84	0.768	6.2762e-13
770   	760   	208.041		1.68037813829	0.802	0.773	6.15279e-13		1.70067602079	0.844	0.78	6.11044e-13
770   	760   	212.082		1.69151124906	0.808	0.785	5.99089e-13		1.71062323323	0.848	0.791	5.95837e-13
770   	760   	216.123		1.70215173774	0.813	0.796	5.84258e-13		1.72016065333	0.852	0.801	5.81837e-13
770   	760   	220.163		1.71232507533	0.818	0.807	5.7062e-13		1.72930785089	0.855	0.811	5.68905e-13
770   	760   	224.204		1.72205595321	0.824	0.817	5.58033e-13		1.73808386021	0.859	0.82	5.56925e-13
770   	760   	228.244		1.73136811404	0.829	0.826	5.46381e-13		1.7465070713	0.863	0.829	5.45795e-13
770   	760   	232.285		1.74028425116	0.834	0.834	5.35561e-13		1.7545951596	0.866	0.837	5.35428e-13
770   	760   	236.326		1.74882595699	0.838	0.842	5.25488e-13		1.7623650448	0.87	0.844	5.25749e-13
770   	760   	240.366		1.75701370629	0.843	0.85	5.16087e-13		1.7698328714	0.873	0.851	5.16692e-13
770   	760   	244.407		1.76486686381	0.848	0.857	5.07293e-13		1.77701400547	0.876	0.858	5.08199e-13
770   	760   	248.447		1.77240370885	0.852	0.863	4.99048e-13		1.78392304316	0.879	0.864	5.00219e-13
770   	760   	252.488		1.77964147115	0.856	0.869	4.91304e-13		1.79057382776	0.882	0.87	4.92708e-13
770   	760   	256.529		1.78659637394	0.86	0.875	4.84017e-13		1.79697947275	0.885	0.876	4.85626e-13
770   	760   	260.569		1.79328368133	0.864	0.881	4.77146e-13		1.80315238881	0.888	0.881	4.78937e-13
770   	760   	264.61		1.7997177479	0.868	0.886	4.70658e-13		1.80910431339	0.891	0.886	4.72609e-13
770   	760   	268.65		1.80591206886	0.871	0.891	4.64523e-13		1.81484634176	0.894	0.891	4.66615e-13
770   	760   	272.691		1.81187932977	0.875	0.895	4.58711e-13		1.82038895856	0.896	0.896	4.60929e-13
770   	760   	276.731		1.81763145507	0.878	0.9	4.53199e-13		1.82574206941	0.899	0.9	4.55527e-13
770   	760   	280.772		1.82317965492	0.882	0.904	4.47964e-13		1.83091503201	0.901	0.904	4.5039e-13
770   	760   	284.813		1.82853447  	0.885	0.908	4.42986e-13		1.83591668642	0.904	0.908	4.45498e-13
770   	760   	288.853		1.83370581407	0.888	0.912	4.38247e-13		1.84075538437	0.906	0.911	4.40834e-13
770   	760   	292.894		1.83870301428	0.891	0.915	4.3373e-13		1.84543901734	0.908	0.915	4.36383e-13
770   	760   	296.934		1.84353484913	0.893	0.918	4.2942e-13		1.8499750434	0.911	0.918	4.32131e-13
770   	760   	300.975		1.84820958406	0.896	0.922	4.25303e-13		1.85437051273	0.913	0.921	4.28064e-13
770   	760   	305.016		1.85273500491	0.899	0.925	4.21366e-13		1.85863209181	0.915	0.924	4.24172e-13
770   	760   	309.056		1.85711844911	0.901	0.927	4.17599e-13		1.86276608629	0.917	0.927	4.20442e-13
770   	760   	313.097		1.8613668349	0.904	0.93	4.1399e-13		1.86677846257	0.919	0.93	4.16865e-13
770   	760   	317.137		1.86548668848	0.906	0.933	4.1053e-13		1.87067486808	0.92	0.932	4.13433e-13
770   	760   	321.178		1.86948416943	0.909	0.935	4.0721e-13		1.87446065043	0.922	0.935	4.10135e-13
770   	760   	325.219		1.87336509432	0.911	0.938	4.04022e-13		1.87814087531	0.924	0.937	4.06966e-13
770   	760   	329.259		1.87713495871	0.913	0.94	4.00957e-13		1.88172034334	0.926	0.939	4.03916e-13
770   	760   	333.3 		1.88079895763	0.915	0.942	3.9801e-13		1.88520360585	0.927	0.941	4.0098e-13
770   	760   	337.34		1.88436200462	0.917	0.944	3.95173e-13		1.8885949797	0.929	0.943	3.98152e-13
770   	760   	341.381		1.88782874952	0.919	0.946	3.92441e-13		1.89189856114	0.93	0.945	3.95425e-13
770   	760   	345.422		1.89120359495	0.921	0.948	3.89807e-13		1.89511823876	0.932	0.947	3.92795e-13
770   	760   	349.462		1.89449071167	0.923	0.95	3.87267e-13		1.89825770571	0.933	0.949	3.90255e-13
770   	760   	353.503		1.89769405293	0.924	0.951	3.84816e-13		1.90132047106	0.935	0.951	3.87803e-13
770   	760   	357.543		1.90081736777	0.926	0.953	3.82449e-13		1.90430987046	0.936	0.952	3.85432e-13
770   	760   	361.584		1.90386421344	0.928	0.954	3.80161e-13		1.90722907617	0.938	0.954	3.8314e-13
770   	760   	365.625		1.90683796701	0.929	0.956	3.7795e-13		1.91008110635	0.939	0.955	3.80923e-13
770   	760   	369.665		1.9097418361	0.931	0.957	3.75811e-13		1.91286883392	0.94	0.957	3.78776e-13
770   	760   	373.706		1.91257886899	0.932	0.959	3.73741e-13		1.91559499466	0.941	0.958	3.76696e-13
770   	760   	377.746		1.915351964 	0.934	0.96	3.71736e-13		1.91826219501	0.942	0.959	3.74681e-13
770   	760   	381.787		1.91806387823	0.935	0.961	3.69794e-13		1.92087291922	0.944	0.961	3.72727e-13
770   	760   	385.828		1.92071723577	0.937	0.963	3.67911e-13		1.92342953614	0.945	0.962	3.70832e-13
770   	760   	389.868		1.92331453536	0.938	0.964	3.66086e-13		1.92593430557	0.946	0.963	3.68993e-13
770   	760   	393.909		1.92585815748	0.939	0.965	3.64314e-13		1.9283893842	0.947	0.964	3.67208e-13
770   	760   	397.949		1.92835037112	0.94	0.966	3.62595e-13		1.93079683123	0.948	0.965	3.65474e-13
770   	760   	401.99		1.93079333994	0.942	0.967	3.60926e-13		1.93315861357	0.949	0.966	3.63788e-13
770   	760   	406.031		1.93318912822	0.943	0.968	3.59304e-13		1.93547661081	0.95	0.967	3.6215e-13
770   	760   	410.071		1.93553970629	0.944	0.969	3.57727e-13		1.93775261984	0.951	0.968	3.60557e-13
770   	760   	414.112		1.93784695565	0.945	0.97	3.56194e-13		1.93998835922	0.952	0.969	3.59007e-13
770   	760   	418.152		1.94011267387	0.946	0.971	3.54704e-13		1.94218547323	0.953	0.97	3.57499e-13
770   	760   	422.193		1.94233857902	0.947	0.972	3.53253e-13		1.94434553578	0.953	0.971	3.5603e-13
770   	760   	426.234		1.94452631396	0.948	0.972	3.51841e-13		1.946470054 	0.954	0.972	3.546e-13
770   	760   	430.274		1.94667745034	0.949	0.973	3.50466e-13		1.94856047167	0.955	0.973	3.53206e-13
770   	760   	434.315		1.94879349228	0.95	0.974	3.49127e-13		1.95061817241	0.956	0.973	3.51848e-13
770   	760   	438.355		1.95087587996	0.951	0.975	3.47822e-13		1.95264448278	0.957	0.974	3.50523e-13
770   	760   	442.396		1.95292599286	0.952	0.975	3.4655e-13		1.95464067503	0.958	0.975	3.49232e-13
770   	760   	446.437		1.95494515292	0.953	0.976	3.45309e-13		1.9566079699	0.958	0.975	3.47972e-13
770   	760   	450.477		1.95693462746	0.954	0.977	3.44099e-13		1.9585475391	0.959	0.976	3.46742e-13
770   	760   	454.518		1.95889563191	0.955	0.977	3.42919e-13		1.96046050771	0.96	0.977	3.45542e-13
770   	760   	458.558		1.96082933245	0.955	0.978	3.41767e-13		1.9623479565	0.96	0.977	3.4437e-13
770   	760   	462.599		1.96273684842	0.956	0.979	3.40642e-13		1.964210924 	0.961	0.978	3.43225e-13
770   	760   	466.639		1.96461925466	0.957	0.979	3.39543e-13		1.96605040857	0.962	0.979	3.42106e-13
770   	760   	470.68		1.96647758367	0.958	0.98	3.3847e-13		1.9678673703	0.962	0.979	3.41013e-13
770   	760   	474.721		1.96831282769	0.959	0.98	3.37422e-13		1.96966273281	0.963	0.98	3.39944e-13
770   	760   	478.761		1.97012594062	0.959	0.981	3.36397e-13		1.97143738498	0.964	0.98	3.38899e-13
770   	760   	482.802		1.97191783985	0.96	0.981	3.35395e-13		1.97319218255	0.964	0.981	3.37877e-13
770   	760   	486.842		1.97368940804	0.961	0.982	3.34415e-13		1.97492794968	0.965	0.981	3.36877e-13
770   	760   	490.883		1.9754414947	0.961	0.982	3.33457e-13		1.97664548037	0.965	0.982	3.35898e-13
770   	760   	494.924		1.9771749178	0.962	0.983	3.32519e-13		1.97834553985	0.966	0.982	3.3494e-13
770   	760   	498.964		1.97889046518	0.963	0.983	3.31601e-13		1.98002886593	0.966	0.983	3.34002e-13
770   	760   	503.005		1.980588896 	0.963	0.984	3.30703e-13		1.98169617015	0.967	0.983	3.33084e-13
770   	760   	507.045		1.98227094202	0.964	0.984	3.29824e-13		1.98334813904	0.968	0.983	3.32184e-13
770   	760   	511.086		1.98393730885	0.964	0.984	3.28962e-13		1.98498543518	0.968	0.984	3.31303e-13
770   	760   	515.127		1.98558867715	0.965	0.985	3.28119e-13		1.98660869829	0.969	0.984	3.30439e-13
770   	760   	519.167		1.98722570374	0.966	0.985	3.27292e-13		1.98821854623	0.969	0.985	3.29593e-13
770   	760   	523.208		1.98884902269	0.966	0.985	3.26482e-13		1.98981557593	0.97	0.985	3.28763e-13
770   	760   	527.248		1.99045924627	0.967	0.986	3.25688e-13		1.99140036434	0.97	0.985	3.27949e-13
770   	760   	531.289		1.992056966 	0.967	0.986	3.24909e-13		1.99297346926	0.97	0.986	3.27151e-13
770   	760   	535.33		1.99364275346	0.968	0.986	3.24146e-13		1.99453543019	0.971	0.986	3.26368e-13
770   	760   	539.37		1.99521716126	0.968	0.987	3.23397e-13		1.99608676906	0.971	0.986	3.25599e-13
770   	760   	543.411		1.99678072377	0.969	0.987	3.22662e-13		1.99762799107	0.972	0.987	3.24846e-13
770   	760   	547.451		1.99833395799	0.969	0.987	3.21942e-13		1.99915958528	0.972	0.987	3.24106e-13
770   	760   	551.492		1.9998773642	0.97	0.988	3.21234e-13		2.00068202538	0.973	0.987	3.23379e-13
770   	760   	555.533		2.00141142677	0.97	0.988	3.2054e-13		2.0021957703	0.973	0.988	3.22666e-13
770   	760   	559.573		2.00293661475	0.971	0.988	3.19858e-13		2.0037012648	0.973	0.988	3.21966e-13
770   	760   	563.614		2.00445338258	0.971	0.989	3.19189e-13		2.00519894009	0.974	0.988	3.21277e-13
770   	760   	567.654		2.00596217065	0.971	0.989	3.18532e-13		2.00668921436	0.974	0.988	3.20602e-13
770   	760   	571.695		2.00746340591	0.972	0.989	3.17886e-13		2.00817249336	0.974	0.989	3.19937e-13
770   	760   	575.736		2.00895750243	0.972	0.989	3.17252e-13		2.00964917084	0.975	0.989	3.19285e-13
770   	760   	579.776		2.01044486193	0.973	0.99	3.16629e-13		2.01111962908	0.975	0.989	3.18643e-13
770   	760   	583.817		2.01192587426	0.973	0.99	3.16016e-13		2.01258423934	0.976	0.989	3.18013e-13
770   	760   	587.857		2.01340091793	0.974	0.99	3.15414e-13		2.01404336231	0.976	0.99	3.17393e-13
770   	760   	591.898		2.01487036053	0.974	0.99	3.14822e-13		2.01549734853	0.976	0.99	3.16783e-13
770   	760   	595.939		2.0163345592	0.974	0.99	3.14241e-13		2.01694653878	0.977	0.99	3.16183e-13
770   	760   	599.979		2.01779386102	0.975	0.991	3.13668e-13		2.0183912645	0.977	0.99	3.15594e-13
770   	760   	604.02		2.01924860344	0.975	0.991	3.13106e-13		2.01983184811	0.977	0.991	3.15013e-13
770   	760   	608.06		2.02069911468	0.975	0.991	3.12552e-13		2.02126860342	0.978	0.991	3.14442e-13
770   	760   	612.101		2.02214571403	0.976	0.991	3.12007e-13		2.02270183593	0.978	0.991	3.13881e-13
770   	760   	616.142		2.02358871229	0.976	0.991	3.11471e-13		2.02413184317	0.978	0.991	3.13328e-13
770   	760   	620.182		2.02502841204	0.976	0.992	3.10944e-13		2.025558915 	0.978	0.991	3.12783e-13
770   	760   	624.223		2.02646510799	0.977	0.992	3.10425e-13		2.02698333391	0.979	0.992	3.12247e-13
770   	760   	628.263		2.02789908729	0.977	0.992	3.09914e-13		2.02840537535	0.979	0.992	3.1172e-13
770   	760   	632.304		2.02933062981	0.977	0.992	3.09411e-13		2.02982530791	0.979	0.992	3.112e-13
770   	760   	636.344		2.03076000845	0.978	0.992	3.08916e-13		2.03124339367	0.98	0.992	3.10688e-13
770   	760   	640.385		2.03218748939	0.978	0.993	3.08428e-13		2.0326598884	0.98	0.992	3.10184e-13
770   	760   	644.426		2.03361333236	0.978	0.993	3.07948e-13		2.03407504185	0.98	0.992	3.09688e-13
770   	760   	648.466		2.03503779088	0.979	0.993	3.07474e-13		2.03548909793	0.98	0.993	3.09199e-13
770   	760   	652.507		2.03646111251	0.979	0.993	3.07008e-13		2.03690229494	0.981	0.993	3.08717e-13
770   	760   	656.547		2.03788353908	0.979	0.993	3.06549e-13		2.03831486583	0.981	0.993	3.08242e-13
770   	760   	660.588		2.03930530691	0.979	0.993	3.06096e-13		2.03972703835	0.981	0.993	3.07773e-13
770   	760   	664.629		2.04072664702	0.98	0.993	3.0565e-13		2.04113903529	0.981	0.993	3.07312e-13
770   	760   	668.669		2.04214778531	0.98	0.994	3.05211e-13		2.04255107463	0.982	0.993	3.06857e-13
770   	760   	672.71		2.04356894283	0.98	0.994	3.04777e-13		2.04396336977	0.982	0.993	3.06408e-13
770   	760   	676.75		2.04499033586	0.98	0.994	3.0435e-13		2.04537612966	0.982	0.994	3.05966e-13
770   	760   	680.791		2.0464121762	0.981	0.994	3.03929e-13		2.04678955899	0.982	0.994	3.0553e-13
770   	760   	684.832		2.04783467125	0.981	0.994	3.03514e-13		2.04820385836	0.982	0.994	3.051e-13
770   	760   	688.872		2.04925802426	0.981	0.994	3.03104e-13		2.04961922442	0.983	0.994	3.04675e-13
770   	760   	692.913		2.05068243442	0.981	0.994	3.027e-13		2.05103585003	0.983	0.994	3.04257e-13
770   	760   	696.953		2.05210809705	0.982	0.994	3.02302e-13		2.05245392441	0.983	0.994	3.03844e-13
770   	760   	700.994		2.05353520377	0.982	0.995	3.01909e-13		2.05387363326	0.983	0.994	3.03437e-13
770   	760   	705.035		2.05496394261	0.982	0.995	3.01521e-13		2.05529515893	0.983	0.994	3.03035e-13
770   	760   	709.075		2.05639449814	0.982	0.995	3.01139e-13		2.05671868051	0.984	0.995	3.02638e-13
770   	760   	713.116		2.05782705163	0.983	0.995	3.00761e-13		2.05814437398	0.984	0.995	3.02246e-13
770   	760   	717.156		2.0592617812	0.983	0.995	3.00388e-13		2.05957241233	0.984	0.995	3.0186e-13
770   	760   	721.197		2.06069886188	0.983	0.995	3.00021e-13		2.06100296567	0.984	0.995	3.01478e-13
770   	760   	725.238		2.06213846579	0.983	0.995	2.99658e-13		2.06243620135	0.984	0.995	3.01102e-13
770   	760   	729.278		2.06358076221	0.983	0.995	2.99299e-13		2.06387228406	0.985	0.995	3.0073e-13
770   	760   	733.319		2.06502591774	0.984	0.995	2.98946e-13		2.06531137594	0.985	0.995	3.00362e-13
770   	760   	737.359		2.06647409635	0.984	0.995	2.98596e-13		2.06675363668	0.985	0.995	3e-13 
770   	760   	741.4 		2.06792545954	0.984	0.996	2.98252e-13		2.06819922362	0.985	0.995	2.99642e-13
770   	760   	745.441		2.06938016642	0.984	0.996	2.97911e-13		2.06964829187	0.985	0.995	2.99288e-13
770   	760   	749.481		2.07083837379	0.984	0.996	2.97575e-13		2.07110099434	0.985	0.996	2.98939e-13
