Effective Refractive Indices:
rel_box_size:     0.001
rel_grid_spacing: 20
rel_tolerance:    0
eigenvectors:     4
boundary cond:    0000
Wavelengths from 1.8 um to 2.3 um in 400 steps
Heights from 0.77 um to 0.77 um in 1 steps
Widths from 0.76 um to 0.76 um in 1 steps
height	width	frequency	Ex_n_eff		Ex_frac	Ex_core	Ex_A_eff		Ey_n_eff		Ey_frac	Ey_core	Ey_A_eff
770   	760   	130.345		1.3991361483	0.929	0.0885	2.44058e-11		1.4248197143	0.867	0.276	3.08359e-12
770   	760   	130.435		1.39928763204	0.928	0.0893	2.39745e-11		1.4251312928	0.867	0.277	3.05845e-12
770   	760   	130.526		1.39943965713	0.928	0.0901	2.35498e-11		1.42544373981	0.866	0.278	3.03369e-12
770   	760   	130.617		1.39959223335	0.927	0.091	2.31317e-11		1.42575705137	0.866	0.28	3.0093e-12
770   	760   	130.708		1.39974537063	0.927	0.0919	2.272e-11		1.42607122341	0.866	0.281	2.98528e-12
770   	760   	130.798		1.39989907896	0.926	0.0928	2.23148e-11		1.42638625179	0.865	0.282	2.96163e-12
770   	760   	130.889		1.40005336847	0.926	0.0936	2.19158e-11		1.42670213228	0.865	0.284	2.93833e-12
770   	760   	130.98		1.40020824939	0.925	0.0945	2.15232e-11		1.42701886057	0.864	0.285	2.91538e-12
770   	760   	131.07		1.40036373205	0.925	0.0955	2.11368e-11		1.42733643224	0.864	0.286	2.89278e-12
770   	760   	131.161		1.4005198269	0.924	0.0964	2.07566e-11		1.42765484282	0.863	0.288	2.87051e-12
770   	760   	131.252		1.40067654448	0.924	0.0973	2.03824e-11		1.42797408774	0.863	0.289	2.84858e-12
770   	760   	131.343		1.40083389546	0.923	0.0983	2.00143e-11		1.42829416236	0.862	0.29	2.82697e-12
770   	760   	131.433		1.40099189059	0.922	0.0992	1.96522e-11		1.42861506195	0.862	0.292	2.80569e-12
770   	760   	131.524		1.40115054074	0.922	0.1	1.92959e-11		1.42893678174	0.862	0.293	2.78472e-12
770   	760   	131.615		1.40130985688	0.921	0.101	1.89455e-11		1.42925931686	0.861	0.294	2.76406e-12
770   	760   	131.706		1.40146985009	0.921	0.102	1.86009e-11		1.42958266237	0.861	0.296	2.7437e-12
770   	760   	131.796		1.40163053155	0.92	0.103	1.8262e-11		1.42990681328	0.86	0.297	2.72365e-12
770   	760   	131.887		1.40179191253	0.919	0.104	1.79288e-11		1.43023176453	0.86	0.298	2.70389e-12
770   	760   	131.978		1.40195400442	0.919	0.105	1.76011e-11		1.43055751098	0.859	0.3	2.68441e-12
770   	760   	132.069		1.4021168187	0.918	0.106	1.7279e-11		1.43088404746	0.859	0.301	2.66523e-12
770   	760   	132.159		1.40228036695	0.918	0.107	1.69623e-11		1.43121136871	0.858	0.302	2.64632e-12
770   	760   	132.25		1.40244466085	0.917	0.108	1.66511e-11		1.43153946944	0.858	0.304	2.62768e-12
770   	760   	132.341		1.40260971217	0.916	0.109	1.63451e-11		1.43186834428	0.858	0.305	2.60932e-12
770   	760   	132.432		1.40277553279	0.916	0.11	1.60445e-11		1.43219798783	0.857	0.306	2.59122e-12
770   	760   	132.522		1.40294213465	0.915	0.112	1.5749e-11		1.43252839463	0.857	0.307	2.57338e-12
770   	760   	132.613		1.4031095298	0.914	0.113	1.54588e-11		1.43285955918	0.856	0.309	2.55579e-12
770   	760   	132.704		1.4032777304	0.914	0.114	1.51736e-11		1.43319147591	0.856	0.31	2.53846e-12
770   	760   	132.795		1.40344674866	0.913	0.115	1.48934e-11		1.43352413922	0.856	0.311	2.52138e-12
770   	760   	132.885		1.40361659688	0.912	0.116	1.46182e-11		1.43385754349	0.855	0.313	2.50453e-12
770   	760   	132.976		1.40378728746	0.912	0.117	1.43478e-11		1.43419168302	0.855	0.314	2.48793e-12
770   	760   	133.067		1.40395883286	0.911	0.118	1.40824e-11		1.4345265521	0.854	0.315	2.47156e-12
770   	760   	133.158		1.40413124563	0.91	0.12	1.38217e-11		1.43486214498	0.854	0.316	2.45542e-12
770   	760   	133.248		1.40430453837	0.91	0.121	1.35657e-11		1.43519845585	0.854	0.318	2.43951e-12
770   	760   	133.339		1.40447872378	0.909	0.122	1.33143e-11		1.43553547891	0.853	0.319	2.42382e-12
770   	760   	133.43		1.4046538146	0.908	0.123	1.30676e-11		1.43587320829	0.853	0.32	2.40834e-12
770   	760   	133.521		1.40482982364	0.908	0.125	1.28253e-11		1.43621163812	0.852	0.321	2.39309e-12
770   	760   	133.611		1.40500676378	0.907	0.126	1.25876e-11		1.43655076249	0.852	0.323	2.37804e-12
770   	760   	133.702		1.40518464794	0.906	0.127	1.23542e-11		1.43689057545	0.852	0.324	2.3632e-12
770   	760   	133.793		1.40536348909	0.905	0.128	1.21252e-11		1.43723107106	0.851	0.325	2.34857e-12
770   	760   	133.884		1.40554330026	0.905	0.13	1.19005e-11		1.43757224333	0.851	0.326	2.33413e-12
770   	760   	133.974		1.40572409452	0.904	0.131	1.168e-11		1.43791408627	0.85	0.328	2.31989e-12
770   	760   	134.065		1.40590588496	0.903	0.132	1.14637e-11		1.43825659385	0.85	0.329	2.30585e-12
770   	760   	134.156		1.40608868472	0.902	0.134	1.12515e-11		1.43859976005	0.85	0.33	2.29199e-12
770   	760   	134.247		1.40627250696	0.902	0.135	1.10433e-11		1.4389435788	0.849	0.331	2.27833e-12
770   	760   	134.337		1.40645736487	0.901	0.136	1.08392e-11		1.43928804406	0.849	0.332	2.26484e-12
770   	760   	134.428		1.40664327165	0.9	0.138	1.06389e-11		1.43963314974	0.848	0.334	2.25154e-12
770   	760   	134.519		1.40683024051	0.899	0.139	1.04426e-11		1.43997888976	0.848	0.335	2.23841e-12
770   	760   	134.61		1.40701828467	0.898	0.14	1.025e-11		1.44032525803	0.848	0.336	2.22546e-12
770   	760   	134.7 		1.40720741735	0.898	0.142	1.00612e-11		1.44067224844	0.847	0.337	2.21268e-12
770   	760   	134.791		1.40739765177	0.897	0.143	9.87609e-12		1.44101985488	0.847	0.338	2.20006e-12
770   	760   	134.882		1.40758900112	0.896	0.145	9.69463e-12		1.44136807125	0.847	0.34	2.18762e-12
770   	760   	134.972		1.40778147859	0.895	0.146	9.51676e-12		1.44171689144	0.846	0.341	2.17533e-12
770   	760   	135.063		1.40797509734	0.894	0.148	9.34241e-12		1.44206630931	0.846	0.342	2.16321e-12
770   	760   	135.154		1.40816987048	0.893	0.149	9.17154e-12		1.44241631877	0.846	0.343	2.15124e-12
770   	760   	135.245		1.40836581111	0.893	0.151	9.00409e-12		1.44276691368	0.845	0.344	2.13943e-12
770   	760   	135.335		1.40856293225	0.892	0.152	8.84001e-12		1.44311808795	0.845	0.346	2.12777e-12
770   	760   	135.426		1.4087612469	0.891	0.154	8.67923e-12		1.44346983545	0.844	0.347	2.11625e-12
770   	760   	135.517		1.40896076798	0.89	0.155	8.52171e-12		1.44382215008	0.844	0.348	2.10489e-12
770   	760   	135.608		1.40916150833	0.889	0.157	8.3674e-12		1.44417502575	0.844	0.349	2.09367e-12
770   	760   	135.698		1.40936348075	0.888	0.158	8.21623e-12		1.44452845636	0.843	0.35	2.08259e-12
770   	760   	135.789		1.40956669792	0.887	0.16	8.06816e-12		1.44488243582	0.843	0.351	2.07165e-12
770   	760   	135.88		1.40977117243	0.886	0.162	7.92313e-12		1.44523695806	0.843	0.353	2.06084e-12
770   	760   	135.971		1.4099769168	0.885	0.163	7.78109e-12		1.44559201701	0.842	0.354	2.05018e-12
770   	760   	136.061		1.4101839434	0.885	0.165	7.642e-12		1.44594760662	0.842	0.355	2.03964e-12
770   	760   	136.152		1.41039226452	0.884	0.166	7.50579e-12		1.44630372085	0.842	0.356	2.02923e-12
770   	760   	136.243		1.41060189229	0.883	0.168	7.37242e-12		1.44666035367	0.841	0.357	2.01896e-12
770   	760   	136.334		1.41081283874	0.882	0.17	7.24184e-12		1.44701749906	0.841	0.358	2.00881e-12
770   	760   	136.424		1.41102511572	0.881	0.171	7.11401e-12		1.44737515102	0.841	0.359	1.99878e-12
770   	760   	136.515		1.41123873495	0.88	0.173	6.98886e-12		1.44773330357	0.84	0.361	1.98887e-12
770   	760   	136.606		1.411453708 	0.879	0.175	6.86636e-12		1.44809195074	0.84	0.362	1.97909e-12
770   	760   	136.697		1.41167004624	0.878	0.176	6.74645e-12		1.44845108659	0.84	0.363	1.96942e-12
770   	760   	136.787		1.41188776089	0.877	0.178	6.62909e-12		1.44881070517	0.839	0.364	1.95987e-12
770   	760   	136.878		1.41210686298	0.876	0.18	6.51422e-12		1.44917080058	0.839	0.365	1.95043e-12
770   	760   	136.969		1.41232736331	0.875	0.182	6.40182e-12		1.44953136693	0.839	0.366	1.9411e-12
770   	760   	137.06		1.41254927253	0.874	0.183	6.29182e-12		1.44989239833	0.839	0.367	1.93188e-12
770   	760   	137.15		1.41277260103	0.873	0.185	6.18418e-12		1.45025388895	0.838	0.368	1.92278e-12
770   	760   	137.241		1.41299735901	0.872	0.187	6.07886e-12		1.45061583296	0.838	0.369	1.91378e-12
770   	760   	137.332		1.41322355642	0.871	0.189	5.97582e-12		1.45097822454	0.838	0.371	1.90488e-12
770   	760   	137.423		1.41345120298	0.87	0.19	5.875e-12		1.45134105791	0.837	0.372	1.89609e-12
770   	760   	137.513		1.41368030816	0.869	0.192	5.77637e-12		1.45170432731	0.837	0.373	1.88739e-12
770   	760   	137.604		1.41391088118	0.868	0.194	5.67989e-12		1.45206802701	0.837	0.374	1.8788e-12
770   	760   	137.695		1.41414293099	0.867	0.196	5.58551e-12		1.4524321513	0.836	0.375	1.87031e-12
770   	760   	137.786		1.41437646627	0.866	0.198	5.49319e-12		1.45279669449	0.836	0.376	1.86191e-12
770   	760   	137.876		1.41461149541	0.865	0.199	5.40289e-12		1.45316165093	0.836	0.377	1.85361e-12
770   	760   	137.967		1.41484802654	0.864	0.201	5.31457e-12		1.45352701497	0.836	0.378	1.8454e-12
770   	760   	138.058		1.41508606747	0.863	0.203	5.22819e-12		1.45389278101	0.835	0.379	1.83729e-12
770   	760   	138.149		1.41532562571	0.862	0.205	5.14371e-12		1.45425894348	0.835	0.38	1.82926e-12
770   	760   	138.239		1.41556670849	0.861	0.207	5.06109e-12		1.45462549682	0.835	0.381	1.82132e-12
770   	760   	138.33		1.41580932267	0.86	0.209	4.9803e-12		1.45499243551	0.834	0.382	1.81348e-12
770   	760   	138.421		1.41605347485	0.859	0.211	4.90129e-12		1.45535975406	0.834	0.383	1.80571e-12
770   	760   	138.511		1.41629917125	0.858	0.212	4.82403e-12		1.45572744699	0.834	0.385	1.79804e-12
770   	760   	138.602		1.41654641778	0.857	0.214	4.74848e-12		1.45609550887	0.834	0.386	1.79044e-12
770   	760   	138.693		1.41679522  	0.856	0.216	4.67461e-12		1.45646393429	0.833	0.387	1.78293e-12
770   	760   	138.784		1.41704558315	0.855	0.218	4.60238e-12		1.45683271787	0.833	0.388	1.7755e-12
770   	760   	138.874		1.41729751208	0.854	0.22	4.53176e-12		1.45720185427	0.833	0.389	1.76815e-12
770   	760   	138.965		1.41755101131	0.853	0.222	4.46271e-12		1.45757133817	0.832	0.39	1.76088e-12
770   	760   	139.056		1.41780608499	0.852	0.224	4.3952e-12		1.45794116427	0.832	0.391	1.75368e-12
770   	760   	139.147		1.41806273692	0.851	0.226	4.32919e-12		1.45831132732	0.832	0.392	1.74657e-12
770   	760   	139.237		1.41832097051	0.85	0.228	4.26466e-12		1.4586818221	0.832	0.393	1.73952e-12
770   	760   	139.328		1.41858078881	0.849	0.23	4.20156e-12		1.45905264342	0.831	0.394	1.73255e-12
770   	760   	139.419		1.41884219451	0.848	0.232	4.13988e-12		1.45942378609	0.831	0.395	1.72566e-12
770   	760   	139.51		1.41910518991	0.847	0.233	4.07957e-12		1.459795245 	0.831	0.396	1.71883e-12
770   	760   	139.6 		1.41936977692	0.846	0.235	4.02062e-12		1.46016701505	0.831	0.397	1.71208e-12
770   	760   	139.691		1.41963595709	0.845	0.237	3.96298e-12		1.46053909115	0.83	0.398	1.70539e-12
770   	760   	139.782		1.41990373159	0.844	0.239	3.90662e-12		1.46091146829	0.83	0.399	1.69877e-12
770   	760   	139.873		1.42017310119	0.843	0.241	3.85153e-12		1.46128414144	0.83	0.4	1.69222e-12
770   	760   	139.963		1.42044406629	0.842	0.243	3.79767e-12		1.46165710564	0.83	0.401	1.68574e-12
770   	760   	140.054		1.4207166269	0.841	0.245	3.74502e-12		1.46203035595	0.829	0.402	1.67932e-12
770   	760   	140.145		1.42099078265	0.84	0.247	3.69354e-12		1.46240388746	0.829	0.403	1.67297e-12
770   	760   	140.236		1.4212665328	0.839	0.249	3.64321e-12		1.46277769529	0.829	0.404	1.66668e-12
770   	760   	140.326		1.42154387622	0.838	0.251	3.594e-12		1.4631517746	0.829	0.405	1.66045e-12
770   	760   	140.417		1.42182281138	0.837	0.253	3.54589e-12		1.46352612058	0.829	0.406	1.65428e-12
770   	760   	140.508		1.42210333641	0.836	0.255	3.49885e-12		1.46390072844	0.828	0.407	1.64817e-12
770   	760   	140.599		1.42238544904	0.835	0.257	3.45286e-12		1.46427559344	0.828	0.408	1.64213e-12
770   	760   	140.689		1.42266914664	0.834	0.259	3.4079e-12		1.46465071087	0.828	0.409	1.63614e-12
770   	760   	140.78		1.4229544262	0.833	0.261	3.36393e-12		1.46502607605	0.828	0.41	1.63021e-12
770   	760   	140.871		1.42324128435	0.832	0.263	3.32094e-12		1.46540168432	0.827	0.411	1.62434e-12
770   	760   	140.962		1.42352971736	0.831	0.265	3.2789e-12		1.46577753107	0.827	0.412	1.61852e-12
770   	760   	141.052		1.42381972115	0.83	0.266	3.2378e-12		1.46615361171	0.827	0.413	1.61276e-12
770   	760   	141.143		1.42411129126	0.829	0.268	3.1976e-12		1.4665299217	0.827	0.414	1.60705e-12
770   	760   	141.234		1.4244044229	0.828	0.27	3.15829e-12		1.46690645651	0.827	0.415	1.6014e-12
770   	760   	141.325		1.42469911094	0.828	0.272	3.11985e-12		1.46728321166	0.826	0.415	1.5958e-12
770   	760   	141.415		1.4249953499	0.827	0.274	3.08226e-12		1.46766018269	0.826	0.416	1.59026e-12
770   	760   	141.506		1.42529313399	0.826	0.276	3.04549e-12		1.46803736518	0.826	0.417	1.58476e-12
770   	760   	141.597		1.42559245705	0.825	0.278	3.00953e-12		1.46841475474	0.826	0.418	1.57932e-12
770   	760   	141.688		1.42589331265	0.824	0.28	2.97435e-12		1.46879234701	0.825	0.419	1.57392e-12
770   	760   	141.778		1.42619569401	0.823	0.282	2.93994e-12		1.46917013767	0.825	0.42	1.56858e-12
770   	760   	141.869		1.42649959405	0.822	0.284	2.90629e-12		1.46954812242	0.825	0.421	1.56328e-12
770   	760   	141.96		1.42680500541	0.821	0.286	2.87336e-12		1.469926297 	0.825	0.422	1.55803e-12
770   	760   	142.051		1.42711192042	0.82	0.288	2.84115e-12		1.47030465718	0.825	0.423	1.55283e-12
770   	760   	142.141		1.42742033112	0.819	0.289	2.80964e-12		1.47068319876	0.824	0.424	1.54768e-12
770   	760   	142.232		1.42773022927	0.818	0.291	2.7788e-12		1.47106191757	0.824	0.425	1.54257e-12
770   	760   	142.323		1.42804160639	0.817	0.293	2.74863e-12		1.47144080948	0.824	0.426	1.53751e-12
770   	760   	142.413		1.42835445369	0.817	0.295	2.71911e-12		1.47181987039	0.824	0.427	1.53249e-12
770   	760   	142.504		1.42866876216	0.816	0.297	2.69022e-12		1.47219909621	0.824	0.428	1.52751e-12
770   	760   	142.595		1.42898452254	0.815	0.299	2.66195e-12		1.47257848292	0.824	0.429	1.52258e-12
770   	760   	142.686		1.42930172531	0.814	0.301	2.63427e-12		1.47295802649	0.823	0.429	1.5177e-12
770   	760   	142.776		1.42962036074	0.813	0.303	2.60719e-12		1.47333772295	0.823	0.43	1.51285e-12
770   	760   	142.867		1.42994041886	0.812	0.304	2.58068e-12		1.47371756835	0.823	0.431	1.50805e-12
770   	760   	142.958		1.43026188951	0.811	0.306	2.55472e-12		1.47409755876	0.823	0.432	1.50329e-12
770   	760   	143.049		1.4305847623	0.811	0.308	2.52931e-12		1.47447769031	0.823	0.433	1.49857e-12
770   	760   	143.139		1.43090902665	0.81	0.31	2.50444e-12		1.47485795913	0.822	0.434	1.49389e-12
770   	760   	143.23		1.43123467179	0.809	0.312	2.48008e-12		1.4752383614	0.822	0.435	1.48925e-12
770   	760   	143.321		1.43156168678	0.808	0.314	2.45623e-12		1.47561889332	0.822	0.436	1.48464e-12
770   	760   	143.412		1.4318900605	0.807	0.315	2.43287e-12		1.47599955111	0.822	0.437	1.48008e-12
770   	760   	143.502		1.43221978166	0.806	0.317	2.40999e-12		1.47638033105	0.822	0.437	1.47556e-12
770   	760   	143.593		1.43255083881	0.806	0.319	2.38759e-12		1.47676122942	0.822	0.438	1.47107e-12
770   	760   	143.684		1.43288322038	0.805	0.321	2.36564e-12		1.47714224254	0.821	0.439	1.46662e-12
770   	760   	143.775		1.43321691462	0.804	0.322	2.34414e-12		1.47752336677	0.821	0.44	1.4622e-12
770   	760   	143.865		1.43355190968	0.803	0.324	2.32307e-12		1.47790459847	0.821	0.441	1.45783e-12
770   	760   	143.956		1.43388819357	0.803	0.326	2.30243e-12		1.47828593407	0.821	0.442	1.45349e-12
770   	760   	144.047		1.43422575419	0.802	0.328	2.28221e-12		1.47866737  	0.821	0.443	1.44918e-12
770   	760   	144.138		1.43456457934	0.801	0.329	2.26239e-12		1.47904890271	0.821	0.444	1.44491e-12
770   	760   	144.228		1.4349046567	0.8	0.331	2.24297e-12		1.47943052872	0.82	0.445	1.44067e-12
770   	760   	144.319		1.43524597387	0.8	0.333	2.22393e-12		1.47981224453	0.82	0.445	1.43647e-12
770   	760   	144.41		1.43558851837	0.799	0.335	2.20527e-12		1.4801940467	0.82	0.446	1.43229e-12
770   	760   	144.501		1.43593227762	0.798	0.336	2.18697e-12		1.4805759318	0.82	0.447	1.42816e-12
770   	760   	144.591		1.43627723899	0.797	0.338	2.16903e-12		1.48095789644	0.82	0.448	1.42405e-12
770   	760   	144.682		1.43662338978	0.797	0.34	2.15145e-12		1.48133993726	0.82	0.449	1.41998e-12
770   	760   	144.773		1.43697071724	0.796	0.341	2.1342e-12		1.48172205091	0.819	0.45	1.41594e-12
770   	760   	144.864		1.43731920854	0.795	0.343	2.11729e-12		1.48210423408	0.819	0.451	1.41193e-12
770   	760   	144.954		1.43766885085	0.795	0.345	2.1007e-12		1.48248648349	0.819	0.451	1.40795e-12
770   	760   	145.045		1.43801963126	0.794	0.346	2.08442e-12		1.48286879588	0.819	0.452	1.40401e-12
770   	760   	145.136		1.43837153686	0.793	0.348	2.06846e-12		1.48325116801	0.819	0.453	1.40009e-12
770   	760   	145.227		1.43872455471	0.793	0.35	2.0528e-12		1.48363359668	0.819	0.454	1.3962e-12
770   	760   	145.317		1.43907867183	0.792	0.351	2.03743e-12		1.48401607871	0.819	0.455	1.39234e-12
770   	760   	145.408		1.43943387525	0.791	0.353	2.02235e-12		1.48439861095	0.818	0.456	1.38851e-12
770   	760   	145.499		1.43979015198	0.791	0.354	2.00755e-12		1.48478119027	0.818	0.456	1.38472e-12
770   	760   	145.59		1.44014748903	0.79	0.356	1.99302e-12		1.48516381356	0.818	0.457	1.38094e-12
770   	760   	145.68		1.44050587342	0.789	0.358	1.97876e-12		1.48554647777	0.818	0.458	1.3772e-12
770   	760   	145.771		1.44086529216	0.789	0.359	1.96476e-12		1.48592917982	0.818	0.459	1.37349e-12
770   	760   	145.862		1.44122573229	0.788	0.361	1.95102e-12		1.4863119167	0.818	0.46	1.3698e-12
770   	760   	145.952		1.44158718087	0.788	0.362	1.93752e-12		1.48669468541	0.818	0.461	1.36614e-12
770   	760   	146.043		1.44194962496	0.787	0.364	1.92427e-12		1.48707748298	0.818	0.461	1.3625e-12
770   	760   	146.134		1.44231305166	0.786	0.365	1.91125e-12		1.48746030644	0.817	0.462	1.3589e-12
770   	760   	146.225		1.44267744811	0.786	0.367	1.89846e-12		1.48784315288	0.817	0.463	1.35531e-12
770   	760   	146.315		1.44304280147	0.785	0.368	1.8859e-12		1.48822601939	0.817	0.464	1.35176e-12
770   	760   	146.406		1.44340909895	0.785	0.37	1.87356e-12		1.4886089031	0.817	0.465	1.34823e-12
770   	760   	146.497		1.44377632778	0.784	0.371	1.86144e-12		1.48899180115	0.817	0.465	1.34472e-12
770   	760   	146.588		1.44414447527	0.784	0.373	1.84952e-12		1.48937471072	0.817	0.466	1.34125e-12
770   	760   	146.678		1.44451352876	0.783	0.374	1.83781e-12		1.48975762899	0.817	0.467	1.33779e-12
770   	760   	146.769		1.44488347563	0.783	0.376	1.8263e-12		1.49014055318	0.817	0.468	1.33436e-12
770   	760   	146.86		1.44525430334	0.782	0.377	1.81499e-12		1.49052348054	0.816	0.469	1.33095e-12
770   	760   	146.951		1.4456259994	0.781	0.379	1.80387e-12		1.49090640833	0.816	0.469	1.32757e-12
770   	760   	147.041		1.44599855137	0.781	0.38	1.79293e-12		1.49128933383	0.816	0.47	1.32421e-12
770   	760   	147.132		1.4463719469	0.78	0.382	1.78218e-12		1.49167225436	0.816	0.471	1.32088e-12
770   	760   	147.223		1.44674617368	0.78	0.383	1.77161e-12		1.49205516724	0.816	0.472	1.31757e-12
770   	760   	147.314		1.44712121949	0.779	0.385	1.76121e-12		1.49243806983	0.816	0.473	1.31428e-12
770   	760   	147.404		1.44749707217	0.779	0.386	1.75098e-12		1.49282095951	0.816	0.473	1.31101e-12
770   	760   	147.495		1.44787371963	0.778	0.387	1.74092e-12		1.49320383367	0.816	0.474	1.30776e-12
770   	760   	147.586		1.44825114986	0.778	0.389	1.73102e-12		1.49358668974	0.815	0.475	1.30454e-12
770   	760   	147.677		1.44862935094	0.778	0.39	1.72128e-12		1.49396952515	0.815	0.476	1.30134e-12
770   	760   	147.767		1.44900831102	0.777	0.392	1.71169e-12		1.49435233738	0.815	0.477	1.29816e-12
770   	760   	147.858		1.44938801831	0.777	0.393	1.70226e-12		1.4947351239	0.815	0.477	1.295e-12
770   	760   	147.949		1.44976846115	0.776	0.394	1.69297e-12		1.49511788222	0.815	0.478	1.29187e-12
770   	760   	148.04		1.45014962792	0.776	0.396	1.68383e-12		1.49550060988	0.815	0.479	1.28875e-12
770   	760   	148.13		1.4505315071	0.775	0.397	1.67483e-12		1.49588330441	0.815	0.48	1.28566e-12
770   	760   	148.221		1.45091408727	0.775	0.398	1.66597e-12		1.4962659634	0.815	0.481	1.28258e-12
770   	760   	148.312		1.45129735708	0.774	0.4	1.65725e-12		1.49664858441	0.815	0.481	1.27953e-12
770   	760   	148.403		1.45168130528	0.774	0.401	1.64866e-12		1.49703116508	0.815	0.482	1.27649e-12
770   	760   	148.493		1.4520659207	0.773	0.402	1.6402e-12		1.49741370302	0.814	0.483	1.27348e-12
770   	760   	148.584		1.45245119227	0.773	0.404	1.63187e-12		1.49779619589	0.814	0.484	1.27048e-12
770   	760   	148.675		1.45283710901	0.773	0.405	1.62366e-12		1.49817864136	0.814	0.484	1.26751e-12
770   	760   	148.766		1.45322366003	0.772	0.406	1.61557e-12		1.49856103712	0.814	0.485	1.26455e-12
770   	760   	148.856		1.45361083452	0.772	0.408	1.6076e-12		1.49894338087	0.814	0.486	1.26161e-12
770   	760   	148.947		1.4539986218	0.771	0.409	1.59975e-12		1.49932567036	0.814	0.487	1.25869e-12
770   	760   	149.038		1.45438701124	0.771	0.41	1.59201e-12		1.49970790331	0.814	0.487	1.25579e-12
770   	760   	149.129		1.45477599233	0.771	0.412	1.58439e-12		1.50009007752	0.814	0.488	1.25291e-12
770   	760   	149.219		1.45516555465	0.77	0.413	1.57687e-12		1.50047219075	0.814	0.489	1.25005e-12
770   	760   	149.31		1.45555568787	0.77	0.414	1.56946e-12		1.50085424081	0.814	0.49	1.2472e-12
770   	760   	149.401		1.45594638177	0.77	0.415	1.56215e-12		1.50123622554	0.814	0.49	1.24437e-12
770   	760   	149.492		1.45633762621	0.769	0.417	1.55495e-12		1.50161814277	0.813	0.491	1.24156e-12
770   	760   	149.582		1.45672941114	0.769	0.418	1.54784e-12		1.50199999036	0.813	0.492	1.23877e-12
770   	760   	149.673		1.45712172662	0.769	0.419	1.54084e-12		1.50238176619	0.813	0.493	1.236e-12
770   	760   	149.764		1.45751456281	0.768	0.42	1.53393e-12		1.50276346817	0.813	0.493	1.23324e-12
770   	760   	149.854		1.45790790994	0.768	0.421	1.52712e-12		1.5031450942	0.813	0.494	1.2305e-12
770   	760   	149.945		1.45830175836	0.767	0.423	1.52039e-12		1.50352664222	0.813	0.495	1.22777e-12
770   	760   	150.036		1.4586960985	0.767	0.424	1.51376e-12		1.50390811018	0.813	0.496	1.22506e-12
770   	760   	150.127		1.45909092089	0.767	0.425	1.50722e-12		1.50428949605	0.813	0.496	1.22237e-12
770   	760   	150.217		1.45948621616	0.766	0.426	1.50076e-12		1.50467079781	0.813	0.497	1.2197e-12
770   	760   	150.308		1.45988197503	0.766	0.428	1.49439e-12		1.50505201347	0.813	0.498	1.21704e-12
770   	760   	150.399		1.46027818831	0.766	0.429	1.4881e-12		1.50543314105	0.813	0.499	1.21439e-12
770   	760   	150.49		1.4606748469	0.766	0.43	1.48189e-12		1.50581417859	0.813	0.499	1.21177e-12
770   	760   	150.58		1.46107194181	0.765	0.431	1.47577e-12		1.50619512413	0.813	0.5	1.20915e-12
770   	760   	150.671		1.46146946412	0.765	0.432	1.46972e-12		1.50657597576	0.812	0.501	1.20656e-12
770   	760   	150.762		1.46186740503	0.765	0.433	1.46375e-12		1.50695673156	0.812	0.502	1.20398e-12
770   	760   	150.853		1.46226575581	0.764	0.435	1.45785e-12		1.50733738962	0.812	0.502	1.20141e-12
770   	760   	150.943		1.46266450782	0.764	0.436	1.45203e-12		1.50771794808	0.812	0.503	1.19886e-12
770   	760   	151.034		1.46306365253	0.764	0.437	1.44628e-12		1.50809840507	0.812	0.504	1.19632e-12
770   	760   	151.125		1.46346318149	0.763	0.438	1.4406e-12		1.50847875874	0.812	0.504	1.1938e-12
770   	760   	151.216		1.46386308634	0.763	0.439	1.43499e-12		1.50885900726	0.812	0.505	1.1913e-12
770   	760   	151.306		1.4642633588	0.763	0.44	1.42945e-12		1.50923914882	0.812	0.506	1.1888e-12
770   	760   	151.397		1.46466399068	0.763	0.441	1.42398e-12		1.5096191816	0.812	0.507	1.18633e-12
770   	760   	151.488		1.46506497391	0.762	0.442	1.41857e-12		1.50999910384	0.812	0.507	1.18386e-12
770   	760   	151.579		1.46546630046	0.762	0.444	1.41323e-12		1.51037891376	0.812	0.508	1.18141e-12
770   	760   	151.669		1.46586796242	0.762	0.445	1.40795e-12		1.51075860961	0.812	0.509	1.17898e-12
770   	760   	151.76		1.46626995196	0.762	0.446	1.40273e-12		1.51113818964	0.812	0.509	1.17656e-12
770   	760   	151.851		1.46667226131	0.761	0.447	1.39757e-12		1.51151765214	0.812	0.51	1.17415e-12
770   	760   	151.942		1.46707488283	0.761	0.448	1.39247e-12		1.51189699539	0.812	0.511	1.17175e-12
770   	760   	152.032		1.46747780892	0.761	0.449	1.38744e-12		1.51227621771	0.811	0.512	1.16937e-12
770   	760   	152.123		1.4678810321	0.761	0.45	1.38245e-12		1.51265531741	0.811	0.512	1.16701e-12
770   	760   	152.214		1.46828454494	0.76	0.451	1.37753e-12		1.51303429282	0.811	0.513	1.16465e-12
770   	760   	152.305		1.46868834011	0.76	0.452	1.37266e-12		1.51341314231	0.811	0.514	1.16231e-12
770   	760   	152.395		1.46909241036	0.76	0.453	1.36785e-12		1.51379186423	0.811	0.514	1.15998e-12
770   	760   	152.486		1.46949674853	0.76	0.454	1.36309e-12		1.51417045696	0.811	0.515	1.15767e-12
770   	760   	152.577		1.46990134751	0.76	0.455	1.35838e-12		1.5145489189	0.811	0.516	1.15536e-12
770   	760   	152.668		1.4703062003	0.759	0.456	1.35372e-12		1.51492724844	0.811	0.516	1.15307e-12
770   	760   	152.758		1.47071129996	0.759	0.457	1.34912e-12		1.51530544402	0.811	0.517	1.15079e-12
770   	760   	152.849		1.47111663963	0.759	0.458	1.34456e-12		1.51568350406	0.811	0.518	1.14853e-12
770   	760   	152.94		1.47152221254	0.759	0.46	1.34006e-12		1.51606142702	0.811	0.519	1.14628e-12
770   	760   	153.031		1.47192801198	0.759	0.461	1.3356e-12		1.51643921135	0.811	0.519	1.14403e-12
770   	760   	153.121		1.47233403133	0.758	0.462	1.33119e-12		1.51681685554	0.811	0.52	1.14181e-12
770   	760   	153.212		1.47274026402	0.758	0.463	1.32683e-12		1.51719435806	0.811	0.521	1.13959e-12
770   	760   	153.303		1.47314670358	0.758	0.464	1.32251e-12		1.51757171742	0.811	0.521	1.13738e-12
770   	760   	153.393		1.4735533436	0.758	0.465	1.31823e-12		1.51794893214	0.811	0.522	1.13519e-12
770   	760   	153.484		1.47396017775	0.758	0.466	1.314e-12		1.51832600075	0.811	0.523	1.13301e-12
770   	760   	153.575		1.47436719975	0.757	0.467	1.30982e-12		1.51870292178	0.811	0.523	1.13084e-12
770   	760   	153.666		1.47477440343	0.757	0.468	1.30568e-12		1.51907969378	0.811	0.524	1.12868e-12
770   	760   	153.756		1.47518178265	0.757	0.469	1.30157e-12		1.51945631534	0.811	0.525	1.12653e-12
770   	760   	153.847		1.47558933136	0.757	0.47	1.29751e-12		1.51983278501	0.81	0.525	1.1244e-12
770   	760   	153.938		1.47599704358	0.757	0.471	1.29349e-12		1.52020910141	0.81	0.526	1.12227e-12
770   	760   	154.029		1.47640491339	0.756	0.472	1.28952e-12		1.52058526312	0.81	0.527	1.12016e-12
770   	760   	154.119		1.47681293494	0.756	0.473	1.28558e-12		1.52096126877	0.81	0.527	1.11805e-12
770   	760   	154.21		1.47722110245	0.756	0.474	1.28167e-12		1.52133711698	0.81	0.528	1.11596e-12
770   	760   	154.301		1.4776294102	0.756	0.474	1.27781e-12		1.5217128064	0.81	0.529	1.11388e-12
770   	760   	154.392		1.47803785253	0.756	0.475	1.27398e-12		1.52208833568	0.81	0.529	1.11181e-12
770   	760   	154.482		1.47844642386	0.756	0.476	1.2702e-12		1.52246370348	0.81	0.53	1.10975e-12
770   	760   	154.573		1.47885511866	0.756	0.477	1.26644e-12		1.52283890848	0.81	0.531	1.1077e-12
770   	760   	154.664		1.47926393146	0.755	0.478	1.26272e-12		1.52321394938	0.81	0.531	1.10566e-12
770   	760   	154.755		1.47967285688	0.755	0.479	1.25904e-12		1.52358882486	0.81	0.532	1.10363e-12
770   	760   	154.845		1.48008188956	0.755	0.48	1.25539e-12		1.52396353364	0.81	0.533	1.10161e-12
770   	760   	154.936		1.48049102423	0.755	0.481	1.25178e-12		1.52433807444	0.81	0.533	1.09961e-12
770   	760   	155.027		1.48090025568	0.755	0.482	1.2482e-12		1.52471244601	0.81	0.534	1.09761e-12
770   	760   	155.118		1.48130957874	0.755	0.483	1.24465e-12		1.52508664708	0.81	0.535	1.09562e-12
770   	760   	155.208		1.48171898831	0.755	0.484	1.24114e-12		1.52546067641	0.81	0.535	1.09364e-12
770   	760   	155.299		1.48212847935	0.754	0.485	1.23765e-12		1.52583453278	0.81	0.536	1.09167e-12
770   	760   	155.39		1.48253804688	0.754	0.486	1.2342e-12		1.52620821495	0.81	0.537	1.08971e-12
770   	760   	155.481		1.48294768596	0.754	0.487	1.23078e-12		1.52658172172	0.81	0.537	1.08777e-12
770   	760   	155.571		1.48335739173	0.754	0.488	1.22739e-12		1.5269550519	0.81	0.538	1.08583e-12
770   	760   	155.662		1.48376715937	0.754	0.489	1.22403e-12		1.52732820429	0.81	0.539	1.0839e-12
770   	760   	155.753		1.48417698411	0.754	0.489	1.2207e-12		1.52770117772	0.81	0.539	1.08198e-12
770   	760   	155.844		1.48458686125	0.754	0.49	1.2174e-12		1.52807397102	0.81	0.54	1.08006e-12
770   	760   	155.934		1.48499678614	0.754	0.491	1.21413e-12		1.52844658303	0.81	0.541	1.07816e-12
770   	760   	156.025		1.48540675416	0.753	0.492	1.21088e-12		1.52881901261	0.81	0.541	1.07627e-12
770   	760   	156.116		1.48581676078	0.753	0.493	1.20766e-12		1.52919125863	0.81	0.542	1.07439e-12
770   	760   	156.207		1.48622680149	0.753	0.494	1.20448e-12		1.52956331996	0.81	0.543	1.07251e-12
770   	760   	156.297		1.48663687185	0.753	0.495	1.20131e-12		1.52993519548	0.81	0.543	1.07065e-12
770   	760   	156.388		1.48704696747	0.753	0.496	1.19818e-12		1.5303068841	0.81	0.544	1.06879e-12
770   	760   	156.479		1.48745708399	0.753	0.497	1.19507e-12		1.53067838471	0.81	0.545	1.06694e-12
770   	760   	156.57		1.48786721711	0.753	0.497	1.19199e-12		1.53104969623	0.81	0.545	1.06511e-12
770   	760   	156.66		1.4882773626	0.753	0.498	1.18893e-12		1.5314208176	0.81	0.546	1.06328e-12
770   	760   	156.751		1.48868751625	0.753	0.499	1.18589e-12		1.53179174773	0.81	0.546	1.06145e-12
770   	760   	156.842		1.48909767391	0.753	0.5	1.18289e-12		1.53216248559	0.81	0.547	1.05964e-12
770   	760   	156.933		1.48950783147	0.752	0.501	1.1799e-12		1.53253303012	0.81	0.548	1.05784e-12
770   	760   	157.023		1.48991798488	0.752	0.502	1.17695e-12		1.53290338029	0.81	0.548	1.05604e-12
770   	760   	157.114		1.49032813011	0.752	0.503	1.17401e-12		1.53327353508	0.809	0.549	1.05425e-12
770   	760   	157.205		1.49073826322	0.752	0.504	1.1711e-12		1.53364349346	0.809	0.55	1.05248e-12
770   	760   	157.295		1.49114838026	0.752	0.504	1.16821e-12		1.53401325443	0.809	0.55	1.05071e-12
770   	760   	157.386		1.49155847736	0.752	0.505	1.16534e-12		1.534382817 	0.809	0.551	1.04894e-12
770   	760   	157.477		1.4919685507	0.752	0.506	1.1625e-12		1.53475218017	0.809	0.551	1.04719e-12
770   	760   	157.568		1.49237859647	0.752	0.507	1.15968e-12		1.53512134297	0.809	0.552	1.04544e-12
770   	760   	157.658		1.49278861093	0.752	0.508	1.15688e-12		1.53549030442	0.809	0.553	1.0437e-12
770   	760   	157.749		1.49319859037	0.752	0.509	1.1541e-12		1.53585906357	0.809	0.553	1.04197e-12
770   	760   	157.84		1.49360853114	0.752	0.509	1.15135e-12		1.53622761947	0.809	0.554	1.04025e-12
770   	760   	157.931		1.4940184296	0.752	0.51	1.14861e-12		1.53659597116	0.809	0.555	1.03854e-12
770   	760   	158.021		1.49442828218	0.751	0.511	1.1459e-12		1.53696411773	0.809	0.555	1.03683e-12
770   	760   	158.112		1.49483808533	0.751	0.512	1.14321e-12		1.53733205823	0.809	0.556	1.03513e-12
770   	760   	158.203		1.49524783555	0.751	0.513	1.14053e-12		1.53769979176	0.809	0.556	1.03344e-12
770   	760   	158.294		1.49565752939	0.751	0.514	1.13788e-12		1.53806731741	0.809	0.557	1.03176e-12
770   	760   	158.384		1.49606716341	0.751	0.514	1.13525e-12		1.53843463427	0.809	0.558	1.03008e-12
770   	760   	158.475		1.49647673424	0.751	0.515	1.13263e-12		1.53880174147	0.809	0.558	1.02841e-12
770   	760   	158.566		1.49688623852	0.751	0.516	1.13004e-12		1.53916863811	0.809	0.559	1.02675e-12
770   	760   	158.657		1.49729567295	0.751	0.517	1.12746e-12		1.53953532332	0.809	0.56	1.0251e-12
770   	760   	158.747		1.49770503426	0.751	0.518	1.1249e-12		1.53990179624	0.809	0.56	1.02345e-12
770   	760   	158.838		1.49811431922	0.751	0.519	1.12237e-12		1.54026805601	0.809	0.561	1.02182e-12
770   	760   	158.929		1.49852352461	0.751	0.519	1.11984e-12		1.54063410177	0.809	0.561	1.02018e-12
770   	760   	159.02		1.49893264729	0.751	0.52	1.11734e-12		1.5409999327	0.809	0.562	1.01856e-12
770   	760   	159.11		1.49934168413	0.751	0.521	1.11486e-12		1.54136554796	0.809	0.563	1.01694e-12
770   	760   	159.201		1.49975063203	0.751	0.522	1.11239e-12		1.54173094672	0.809	0.563	1.01533e-12
770   	760   	159.292		1.50015948794	0.751	0.523	1.10994e-12		1.54209612816	0.809	0.564	1.01373e-12
770   	760   	159.383		1.50056824883	0.751	0.523	1.10751e-12		1.54246109148	0.809	0.564	1.01213e-12
770   	760   	159.473		1.50097691173	0.751	0.524	1.1051e-12		1.54282583588	0.809	0.565	1.01054e-12
770   	760   	159.564		1.50138547366	0.751	0.525	1.1027e-12		1.54319036056	0.809	0.566	1.00896e-12
770   	760   	159.655		1.50179393172	0.751	0.526	1.10032e-12		1.54355466475	0.809	0.566	1.00739e-12
770   	760   	159.746		1.502202283 	0.751	0.526	1.09795e-12		1.54391874765	0.809	0.567	1.00582e-12
770   	760   	159.836		1.50261052467	0.75	0.527	1.0956e-12		1.5442826085	0.809	0.567	1.00426e-12
770   	760   	159.927		1.50301865388	0.75	0.528	1.09327e-12		1.54464624654	0.809	0.568	1.0027e-12
770   	760   	160.018		1.50342666785	0.75	0.529	1.09095e-12		1.54500966101	0.809	0.569	1.00115e-12
770   	760   	160.109		1.50383456383	0.75	0.53	1.08865e-12		1.54537285117	0.809	0.569	9.99612e-13
770   	760   	160.199		1.50424233906	0.75	0.53	1.08636e-12		1.54573581628	0.809	0.57	9.98077e-13
770   	760   	160.29		1.50464999087	0.75	0.531	1.08409e-12		1.5460985556	0.809	0.57	9.96548e-13
770   	760   	160.381		1.50505751657	0.75	0.532	1.08184e-12		1.54646106841	0.809	0.571	9.95026e-13
770   	760   	160.472		1.50546491354	0.75	0.533	1.07959e-12		1.54682335399	0.809	0.572	9.93511e-13
770   	760   	160.562		1.50587217915	0.75	0.533	1.07737e-12		1.54718541163	0.809	0.572	9.92001e-13
770   	760   	160.653		1.50627931083	0.75	0.534	1.07516e-12		1.54754724062	0.809	0.573	9.90499e-13
770   	760   	160.744		1.50668630603	0.75	0.535	1.07296e-12		1.54790884028	0.809	0.573	9.89002e-13
770   	760   	160.834		1.50709316223	0.75	0.536	1.07078e-12		1.5482702099	0.809	0.574	9.87512e-13
770   	760   	160.925		1.50749987692	0.75	0.536	1.06861e-12		1.54863134881	0.809	0.574	9.86028e-13
770   	760   	161.016		1.50790644765	0.75	0.537	1.06645e-12		1.54899225633	0.809	0.575	9.8455e-13
770   	760   	161.107		1.50831287197	0.75	0.538	1.06431e-12		1.5493529318	0.809	0.576	9.83078e-13
770   	760   	161.197		1.50871914748	0.75	0.539	1.06218e-12		1.54971337454	0.809	0.576	9.81612e-13
770   	760   	161.288		1.50912527178	0.75	0.539	1.06007e-12		1.55007358392	0.809	0.577	9.80153e-13
770   	760   	161.379		1.50953124253	0.75	0.54	1.05797e-12		1.55043355926	0.809	0.577	9.78699e-13
770   	760   	161.47		1.50993705738	0.75	0.541	1.05588e-12		1.55079329995	0.809	0.578	9.77252e-13
770   	760   	161.56		1.51034271405	0.75	0.542	1.0538e-12		1.55115280533	0.809	0.579	9.7581e-13
770   	760   	161.651		1.51074821024	0.75	0.542	1.05174e-12		1.55151207479	0.809	0.579	9.74375e-13
770   	760   	161.742		1.5111535437	0.75	0.543	1.04969e-12		1.5518711077	0.809	0.58	9.72945e-13
770   	760   	161.833		1.51155871221	0.75	0.544	1.04766e-12		1.55222990344	0.809	0.58	9.71521e-13
770   	760   	161.923		1.51196371356	0.75	0.545	1.04563e-12		1.55258846141	0.809	0.581	9.70103e-13
770   	760   	162.014		1.51236854558	0.75	0.545	1.04362e-12		1.552946781 	0.809	0.581	9.6869e-13
770   	760   	162.105		1.5127732061	0.75	0.546	1.04162e-12		1.55330486162	0.81	0.582	9.67284e-13
770   	760   	162.196		1.51317769301	0.75	0.547	1.03963e-12		1.55366270267	0.81	0.583	9.65882e-13
770   	760   	162.286		1.5135820042	0.75	0.547	1.03766e-12		1.55402030358	0.81	0.583	9.64487e-13
770   	760   	162.377		1.51398613758	0.75	0.548	1.03569e-12		1.55437766377	0.81	0.584	9.63097e-13
770   	760   	162.468		1.5143900911	0.75	0.549	1.03374e-12		1.55473478266	0.81	0.584	9.61713e-13
770   	760   	162.559		1.51479386272	0.75	0.55	1.0318e-12		1.55509165969	0.81	0.585	9.60334e-13
770   	760   	162.649		1.51519745043	0.75	0.55	1.02987e-12		1.5554482943	0.81	0.585	9.58961e-13
770   	760   	162.74		1.51560085224	0.75	0.551	1.02796e-12		1.55580468594	0.81	0.586	9.57594e-13
770   	760   	162.831		1.51600406619	0.75	0.552	1.02605e-12		1.55616083406	0.81	0.587	9.56231e-13
770   	760   	162.922		1.51640709032	0.75	0.552	1.02415e-12		1.55651673812	0.81	0.587	9.54875e-13
770   	760   	163.012		1.51680992273	0.75	0.553	1.02227e-12		1.55687239759	0.81	0.588	9.53523e-13
770   	760   	163.103		1.5172125615	0.75	0.554	1.0204e-12		1.55722781193	0.81	0.588	9.52177e-13
770   	760   	163.194		1.51761500476	0.75	0.555	1.01853e-12		1.55758298062	0.81	0.589	9.50836e-13
770   	760   	163.285		1.51801725065	0.75	0.555	1.01668e-12		1.55793790315	0.81	0.589	9.495e-13
770   	760   	163.375		1.51841929734	0.75	0.556	1.01484e-12		1.558292579 	0.81	0.59	9.4817e-13
770   	760   	163.466		1.51882114301	0.75	0.557	1.01301e-12		1.55864700767	0.81	0.59	9.46845e-13
770   	760   	163.557		1.51922278585	0.75	0.557	1.01119e-12		1.55900118866	0.81	0.591	9.45525e-13
770   	760   	163.648		1.51962422411	0.75	0.558	1.00938e-12		1.55935512146	0.81	0.592	9.4421e-13
770   	760   	163.738		1.52002545602	0.75	0.559	1.00758e-12		1.5597088056	0.81	0.592	9.429e-13
770   	760   	163.829		1.52042647986	0.75	0.559	1.00579e-12		1.56006224059	0.81	0.593	9.41595e-13
770   	760   	163.92		1.52082729389	0.75	0.56	1.00401e-12		1.56041542595	0.81	0.593	9.40296e-13
770   	760   	164.011		1.52122789644	0.75	0.561	1.00224e-12		1.5607683612	0.81	0.594	9.39001e-13
770   	760   	164.101		1.52162828583	0.75	0.562	1.00048e-12		1.56112104589	0.81	0.594	9.37712e-13
770   	760   	164.192		1.52202846039	0.75	0.562	9.9873e-13		1.56147347954	0.81	0.595	9.36427e-13
770   	760   	164.283		1.52242841849	0.75	0.563	9.96989e-13		1.56182566171	0.81	0.595	9.35147e-13
770   	760   	164.374		1.52282815852	0.75	0.564	9.95257e-13		1.56217759194	0.81	0.596	9.33872e-13
770   	760   	164.464		1.52322767886	0.75	0.564	9.93535e-13		1.56252926978	0.81	0.597	9.32602e-13
770   	760   	164.555		1.52362697795	0.75	0.565	9.91823e-13		1.56288069479	0.81	0.597	9.31337e-13
770   	760   	164.646		1.52402605422	0.75	0.566	9.90119e-13		1.56323186655	0.81	0.598	9.30076e-13
770   	760   	164.736		1.52442490612	0.75	0.566	9.88425e-13		1.56358278461	0.81	0.598	9.28821e-13
770   	760   	164.827		1.52482353212	0.75	0.567	9.86739e-13		1.56393344855	0.81	0.599	9.2757e-13
770   	760   	164.918		1.52522193072	0.75	0.568	9.85063e-13		1.56428385796	0.81	0.599	9.26324e-13
770   	760   	165.009		1.52562010042	0.75	0.568	9.83396e-13		1.56463401241	0.81	0.6	9.25082e-13
770   	760   	165.099		1.52601803975	0.751	0.569	9.81737e-13		1.56498391151	0.81	0.6	9.23845e-13
770   	760   	165.19		1.52641574725	0.751	0.57	9.80087e-13		1.56533355483	0.81	0.601	9.22613e-13
770   	760   	165.281		1.52681322147	0.751	0.57	9.78446e-13		1.56568294199	0.81	0.601	9.21385e-13
770   	760   	165.372		1.527210461 	0.751	0.571	9.76813e-13		1.56603207258	0.81	0.602	9.20162e-13
770   	760   	165.462		1.52760746443	0.751	0.572	9.75189e-13		1.56638094622	0.81	0.603	9.18944e-13
770   	760   	165.553		1.52800423036	0.751	0.572	9.73574e-13		1.56672956252	0.81	0.603	9.1773e-13
770   	760   	165.644		1.52840075742	0.751	0.573	9.71966e-13		1.5670779211	0.81	0.604	9.16521e-13
770   	760   	165.735		1.52879704425	0.751	0.574	9.70367e-13		1.56742602158	0.81	0.604	9.15316e-13
770   	760   	165.825		1.52919308951	0.751	0.574	9.68776e-13		1.5677738636	0.81	0.605	9.14115e-13
770   	760   	165.916		1.52958889187	0.751	0.575	9.67193e-13		1.56812144678	0.811	0.605	9.12919e-13
770   	760   	166.007		1.52998445002	0.751	0.576	9.65619e-13		1.56846877077	0.811	0.606	9.11727e-13
770   	760   	166.098		1.53037976267	0.751	0.576	9.64052e-13		1.5688158352	0.811	0.606	9.1054e-13
770   	760   	166.188		1.53077482853	0.751	0.577	9.62493e-13		1.56916263973	0.811	0.607	9.09357e-13
770   	760   	166.279		1.53116964633	0.751	0.578	9.60942e-13		1.56950918401	0.811	0.607	9.08178e-13
770   	760   	166.37		1.53156421484	0.751	0.578	9.59399e-13		1.56985546769	0.811	0.608	9.07004e-13
770   	760   	166.461		1.5319585328	0.751	0.579	9.57864e-13		1.57020149043	0.811	0.608	9.05834e-13
770   	760   	166.551		1.53235259901	0.751	0.579	9.56336e-13		1.57054725191	0.811	0.609	9.04668e-13
