Effective Refractive Indices:
rel_box_size:     0.001
rel_grid_spacing: 20
rel_tolerance:    0
eigenvectors:     4
boundary cond:    0000
Wavelengths from 0.4 um to 2.5 um in 170 steps
Heights from 0.8 um to 0.8 um in 1 steps
Widths from 0.2 um to 0.2 um in 1 steps
height	width	frequency	Ex_n_eff		Ex_frac	Ex_core	Ex_A_eff		Ey_n_eff		Ey_frac	Ey_core	Ey_A_eff
800   	200   	119.917		1.37909262482	0.985	0.00024	8.20998e-08		1.3757535383	0.952	0.00184	4.44883e-09
800   	200   	123.642		1.38332742083	0.986	0.000228	9.10041e-08		1.38026840302	0.955	0.00171	5.90087e-09
800   	200   	127.367		1.38719984414	0.987	0.000216	1.00498e-07		1.38439144572	0.957	0.0016	7.68935e-09
800   	200   	131.093		1.39075118886	0.988	0.000206	1.1059e-07		1.38816771303	0.959	0.00151	9.82911e-09
800   	200   	134.818		1.39401696316	0.988	0.000197	1.21287e-07		1.3916359185	0.961	0.00142	1.23078e-08
800   	200   	138.543		1.3970278485	0.989	0.000188	1.32593e-07		1.39482949032	0.963	0.00135	1.50801e-08
800   	200   	142.268		1.39981047595	0.99	0.000181	1.44508e-07		1.39777742101	0.965	0.00128	1.80665e-08
800   	200   	145.994		1.40238805897	0.99	0.000174	1.57033e-07		1.40050496089	0.967	0.00122	2.11605e-08
800   	200   	149.719		1.4047809125	0.991	0.000167	1.70162e-07		1.4030341876	0.968	0.00118	2.42403e-08
800   	200   	153.444		1.40700688129	0.991	0.000161	1.83889e-07		1.40538447637	0.97	0.00113	2.71848e-08
800   	200   	157.169		1.40908169547	0.992	0.000155	1.98203e-07		1.40757289058	0.971	0.0011	2.98868e-08
800   	200   	160.895		1.41101926722	0.992	0.00015	2.13092e-07		1.40961450767	0.972	0.00106	3.22629e-08
800   	200   	164.62		1.41283193949	0.992	0.000146	2.28539e-07		1.41152269249	0.974	0.00104	3.4256e-08
800   	200   	168.345		1.41453069562	0.993	0.000141	2.44524e-07		1.41330932765	0.975	0.00102	3.58337e-08
800   	200   	172.07		1.41612533668	0.993	0.000137	2.61024e-07		1.4149850084	0.976	0.000999	3.69838e-08
800   	200   	175.795		1.41762463225	0.993	0.000133	2.78013e-07		1.41655920832	0.977	0.000987	3.77077e-08
800   	200   	179.521		1.41903644893	0.994	0.00013	2.95461e-07		1.41804042074	0.978	0.000979	3.80163e-08
800   	200   	183.246		1.42036786058	0.994	0.000126	3.13334e-07		1.41943627992	0.979	0.000976	3.79248e-08
800   	200   	186.971		1.42162524292	0.994	0.000123	3.31595e-07		1.42075366535	0.979	0.000978	3.74515e-08
800   	200   	190.696		1.42281435518	0.994	0.000121	3.50205e-07		1.42199879198	0.98	0.000984	3.66154e-08
800   	200   	194.422		1.42394041081	0.995	0.000118	3.69119e-07		1.42317728846	0.981	0.000996	3.5437e-08
800   	200   	198.147		1.42500813873	0.995	0.000116	3.88291e-07		1.42429426559	0.982	0.00101	3.3938e-08
800   	200   	201.872		1.42602183672	0.995	0.000113	4.07669e-07		1.42535437646	0.982	0.00104	3.21425e-08
800   	200   	205.597		1.42698541809	0.995	0.000111	4.27201e-07		1.42636186978	0.983	0.00107	3.00783e-08
800   	200   	209.323		1.4279024524	0.995	0.000109	4.46829e-07		1.42732063769	0.983	0.00111	2.77775e-08
800   	200   	213.048		1.4287762013	0.995	0.000108	4.66492e-07		1.42823425957	0.984	0.00117	2.52783e-08
800   	200   	216.773		1.42960965007	0.996	0.000106	4.86129e-07		1.42910604286	0.985	0.00124	2.26253e-08
800   	200   	220.498		1.43040553536	0.996	0.000104	5.05674e-07		1.42993906289	0.985	0.00132	1.98706e-08
800   	200   	224.223		1.43116636981	0.996	0.000103	5.25058e-07		1.43073620364	0.986	0.00143	1.70731e-08
800   	200   	227.949		1.43189446376	0.996	0.000102	5.44209e-07		1.43150020276	0.986	0.00156	1.42981e-08
800   	200   	231.674		1.43259194465	0.996	0.000101	5.63056e-07		1.43223370587	0.986	0.00174	1.16158e-08
800   	200   	235.399		1.43326077416	0.996	9.96e-05	5.81522e-07		1.43293933933	0.987	0.00198	9.09827e-09
800   	200   	239.124		1.43361981833	0.000243	0.0023	6.81524e-09		1.43390276361	0.000235	9.87e-05	5.99531e-07
800   	200   	242.85		1.4342781246	0.000259	0.00274	4.82884e-09		1.43451958759	0.000229	9.79e-05	6.17005e-07
800   	200   	246.575		1.43491782824	0.000283	0.0034	3.18688e-09		1.43511279627	0.000224	9.72e-05	6.33863e-07
800   	200   	250.3 		1.43554373141	0.000322	0.0044	1.91566e-09		1.43568382635	0.000219	9.66e-05	6.50024e-07
800   	200   	254.025		1.43616330786	0.000389	0.00609	1.01334e-09		1.43623401099	0.000214	9.61e-05	6.65408e-07
800   	200   	257.751		1.43676458864	0.997	9.58e-05	6.79932e-07		1.43679040009	0.988	0.00924	4.45803e-10
800   	200   	261.476		1.43727671106	0.997	9.55e-05	6.93516e-07		1.43745666024	0.988	0.0162	1.4749e-10
800   	200   	265.201		1.43777145056	0.997	9.53e-05	7.06076e-07		1.4382578085	0.986	0.0361	3.02998e-11
800   	200   	268.926		1.43961854451	0.00429	0.118	3.0317e-12		1.4327676137	0.938	0.296	5.50859e-13
800   	200   	272.651		1.43659483028	0.00392	0.123	2.82411e-12		1.44328149533	0.941	0.325	4.72168e-13
800   	200   	276.377		1.43916103539	0.997	9.53e-05	7.36824e-07		1.44957340954	0.927	0.415	3.13236e-13
800   	200   	280.102		1.43959559291	0.997	9.56e-05	7.44504e-07		1.45666270763	0.923	0.447	2.79078e-13
800   	200   	283.827		1.44001714528	0.997	9.59e-05	7.50776e-07		1.46397952134	0.921	0.468	2.61788e-13
800   	200   	287.552		1.44042640565	0.997	9.64e-05	7.55569e-07		1.47136927471	0.92	0.485	2.49735e-13
800   	200   	291.278		1.44082404253	0.998	9.7e-05	7.58818e-07		1.47876728782	0.92	0.5	2.40169e-13
800   	200   	295.003		1.44121068308	0.998	9.77e-05	7.60461e-07		1.4861385127	0.92	0.514	2.32087e-13
800   	200   	298.728		1.44158691621	0.998	9.86e-05	7.60439e-07		1.49346115967	0.92	0.527	2.25019e-13
800   	200   	302.453		1.44195329539	0.998	9.96e-05	7.587e-07		1.50072061854	0.92	0.539	2.18704e-13
800   	200   	306.179		1.4423103412	0.998	0.000101	7.55199e-07		1.50790667279	0.921	0.551	2.12982e-13
800   	200   	309.904		1.44265854373	0.998	0.000102	7.49894e-07		1.5150120238	0.921	0.562	2.07746e-13
800   	200   	313.629		1.44299836468	0.998	0.000103	7.42752e-07		1.52203142399	0.922	0.573	2.02919e-13
800   	200   	317.354		1.44333023942	0.998	0.000105	7.33748e-07		1.52896112734	0.923	0.584	1.98446e-13
800   	200   	321.079		1.44365457882	0.998	0.000107	7.22865e-07		1.53579852041	0.923	0.594	1.94281e-13
800   	200   	324.805		1.44397177092	0.998	0.000109	7.10093e-07		1.5425418631	0.924	0.604	1.90392e-13
800   	200   	328.53		1.44428218254	0.998	0.000112	6.95433e-07		1.54919010002	0.925	0.614	1.86748e-13
800   	200   	332.255		1.44458616072	0.998	0.000114	6.78897e-07		1.55574271928	0.926	0.623	1.83325e-13
800   	200   	335.98		1.44488403408	0.998	0.000117	6.60507e-07		1.56219964418	0.927	0.633	1.80104e-13
800   	200   	339.706		1.4451761141	0.998	0.00012	6.40297e-07		1.56856114875	0.928	0.641	1.77067e-13
800   	200   	343.431		1.44546269632	0.998	0.000124	6.18313e-07		1.57482779072	0.928	0.65	1.74199e-13
800   	200   	347.156		1.44574406143	0.998	0.000128	5.94615e-07		1.5810003577	0.929	0.659	1.71485e-13
800   	200   	350.881		1.44602047636	0.998	0.000133	5.69275e-07		1.5870798235	0.93	0.667	1.68915e-13
800   	200   	354.607		1.44629219531	0.998	0.000138	5.42383e-07		1.59306731236	0.931	0.675	1.66477e-13
800   	200   	358.332		1.44649216624	0.000195	0.003	4.83231e-09		1.59896406943	0.932	0.682	1.64161e-13
800   	200   	362.057		1.44680343431	0.000297	0.00507	1.69386e-09		1.60477143636	0.933	0.69	1.61959e-13
800   	200   	365.782		1.44708154804	0.998	0.000159	4.53518e-07		1.61049083081	0.934	0.697	1.59864e-13
800   	200   	369.508		1.44733680509	0.998	0.000168	4.2163e-07		1.61612372945	0.935	0.704	1.57867e-13
800   	200   	373.233		1.4458462143	0.00823	0.2	1.34339e-12		1.62167165357	0.936	0.711	1.55962e-13
800   	200   	376.958		1.44783677539	0.998	0.00019	3.55495e-07		1.62713615709	0.937	0.718	1.54144e-13
800   	200   	380.683		1.44808188239	0.998	0.000204	3.21669e-07		1.6325188163	0.938	0.724	1.52406e-13
800   	200   	384.408		1.44832399357	0.998	0.000221	2.87662e-07		1.6378212214	0.939	0.73	1.50744e-13
800   	200   	388.134		1.44856329982	0.998	0.000242	2.53748e-07		1.64304496918	0.94	0.737	1.49153e-13
800   	200   	391.859		1.44879999487	0.998	0.000267	2.20235e-07		1.64819165697	0.941	0.743	1.47628e-13
800   	200   	395.584		1.44903428012	0.998	0.000299	1.87464e-07		1.65326287752	0.942	0.748	1.46167e-13
800   	200   	399.309		1.44926637225	0.998	0.000339	1.55817e-07		1.65826021465	0.943	0.754	1.44764e-13
800   	200   	403.035		1.44949651537	0.998	0.000391	1.25717e-07		1.66318523969	0.944	0.759	1.43417e-13
800   	200   	406.76		1.44972500198	0.998	0.000462	9.76389e-08		1.6680395084	0.945	0.765	1.42122e-13
800   	200   	410.485		1.44995221126	0.998	0.000563	7.21112e-08		1.67282455854	0.946	0.77	1.40876e-13
800   	200   	414.21		1.45017868484	0.998	0.000713	4.97131e-08		1.67754190778	0.946	0.775	1.39678e-13
800   	200   	417.936		1.45040529138	0.998	0.000953	3.10542e-08		1.68219305199	0.947	0.78	1.38523e-13
800   	200   	421.661		1.45063363254	0.997	0.00138	1.6707e-08		1.68677946395	0.948	0.784	1.37411e-13
800   	200   	425.386		1.45086723605	0.996	0.00226	7.04044e-09		1.69130259221	0.949	0.789	1.36338e-13
800   	200   	429.111		1.45111615155	0.994	0.00463	1.89639e-09		1.69576386029	0.95	0.793	1.35302e-13
800   	200   	432.836		1.45142589866	0.982	0.0156	1.87161e-10		1.70016466602	0.951	0.798	1.34302e-13
800   	200   	436.562		1.45247070527	0.802	0.189	1.44466e-12		1.70450638112	0.951	0.802	1.33336e-13
800   	200   	440.287		1.45800609993	0.632	0.367	4.25296e-13		1.70879035088	0.952	0.806	1.32401e-13
800   	200   	444.012		1.46486300902	0.618	0.392	3.83071e-13		1.71301789399	0.953	0.81	1.31498e-13
800   	200   	447.737		1.58705041517	0.0107	0.682	1.90421e-13		1.71719030248	0.954	0.814	1.30623e-13
800   	200   	451.463		1.59321704518	0.0103	0.689	1.87547e-13		1.72130884179	0.954	0.818	1.29776e-13
800   	200   	455.188		1.5992945425	0.01	0.697	1.84803e-13		1.72537475084	0.955	0.821	1.28955e-13
800   	200   	458.913		1.6052840194	0.0097	0.704	1.8218e-13		1.72938924225	0.956	0.825	1.28159e-13
800   	200   	462.638		1.61118669936	0.00939	0.711	1.79672e-13		1.73335350257	0.957	0.828	1.27387e-13
800   	200   	466.364		1.61700389454	0.0091	0.717	1.77269e-13		1.73726869262	0.957	0.832	1.26637e-13
800   	200   	470.089		1.62273698687	0.00882	0.724	1.74967e-13		1.74113594775	0.958	0.835	1.2591e-13
800   	200   	473.814		1.62838741226	0.00854	0.73	1.72758e-13		1.7449563783	0.959	0.838	1.25203e-13
800   	200   	477.539		1.6339566473	0.00828	0.736	1.70637e-13		1.74873106993	0.959	0.841	1.24517e-13
800   	200   	481.264		1.63944619805	0.00802	0.742	1.68599e-13		1.75246108408	0.96	0.844	1.23849e-13
800   	200   	484.99		1.64485759063	0.00778	0.748	1.6664e-13		1.7561474584	0.96	0.847	1.23199e-13
800   	200   	488.715		1.65019236321	0.00754	0.754	1.64755e-13		1.7597912072	0.961	0.85	1.22567e-13
800   	200   	492.44		1.65545205932	0.00731	0.759	1.6294e-13		1.76339332193	0.962	0.853	1.21951e-13
800   	200   	496.165		1.66063822212	0.00708	0.765	1.61191e-13		1.76695477163	0.962	0.856	1.21352e-13
800   	200   	499.891		1.66575238971	0.00687	0.77	1.59505e-13		1.77047650345	0.963	0.859	1.20768e-13
800   	200   	503.616		1.67079609102	0.00666	0.775	1.57879e-13		1.77395944307	0.963	0.861	1.20198e-13
800   	200   	507.341		1.67577084252	0.00646	0.78	1.5631e-13		1.77740449522	0.964	0.864	1.19643e-13
800   	200   	511.066		1.68067814535	0.00626	0.785	1.54794e-13		1.78081254416	0.965	0.866	1.19101e-13
800   	200   	514.792		1.68551948306	0.00608	0.79	1.5333e-13		1.78418445415	0.965	0.869	1.18573e-13
800   	200   	518.517		1.69029631962	0.0059	0.794	1.51914e-13		1.78752106993	0.966	0.871	1.18057e-13
800   	200   	522.242		1.6950100979	0.00572	0.799	1.50545e-13		1.79082321717	0.966	0.873	1.17553e-13
800   	200   	525.967		1.69966223842	0.00555	0.803	1.49219e-13		1.79409170294	0.967	0.876	1.1706e-13
800   	200   	529.692		1.7042541383	0.00539	0.807	1.47937e-13		1.7973273162	0.967	0.878	1.16579e-13
800   	200   	533.418		1.70878717052	0.00523	0.811	1.46694e-13		1.8005308282	0.968	0.88	1.16109e-13
800   	200   	537.143		1.71326268335	0.00508	0.815	1.4549e-13		1.80370299297	0.968	0.882	1.15649e-13
800   	200   	540.868		1.71768199988	0.00493	0.819	1.44322e-13		1.80684454771	0.969	0.884	1.15199e-13
800   	200   	544.593		1.72204641783	0.00479	0.823	1.4319e-13		1.80995621326	0.969	0.886	1.14759e-13
800   	200   	548.319		1.72635720932	0.00465	0.826	1.42091e-13		1.81303869449	0.969	0.888	1.14328e-13
800   	200   	552.044		1.73061562088	0.00452	0.83	1.41024e-13		1.81609268072	0.97	0.89	1.13906e-13
800   	200   	555.769		1.73482287348	0.00439	0.834	1.39988e-13		1.8191188461	0.97	0.892	1.13493e-13
800   	200   	559.494		1.73898016265	0.00426	0.837	1.38982e-13		1.82211785006	0.971	0.894	1.13088e-13
800   	200   	563.22		1.74308865865	0.00414	0.84	1.38003e-13		1.82509033763	0.971	0.896	1.12691e-13
800   	200   	566.945		1.74714950678	0.00403	0.843	1.37052e-13		1.82803693984	0.972	0.897	1.12302e-13
800   	200   	570.67		1.75116382758	0.00391	0.847	1.36127e-13		1.8309582741	0.972	0.899	1.11921e-13
800   	200   	574.395		1.75513271724	0.00381	0.85	1.35227e-13		1.83385494454	0.972	0.901	1.11547e-13
800   	200   	578.12		1.7590572479	0.0037	0.853	1.34351e-13		1.83672754234	0.973	0.902	1.1118e-13
800   	200   	581.846		1.76293846807	0.0036	0.856	1.33498e-13		1.83957664613	0.973	0.904	1.10821e-13
800   	200   	585.571		1.76677740305	0.0035	0.858	1.32666e-13		1.84240282226	0.974	0.906	1.10467e-13
800   	200   	589.296		1.77057505531	0.00341	0.861	1.31857e-13		1.84520662515	0.974	0.907	1.10121e-13
800   	200   	593.021		1.77433240499	0.00331	0.864	1.31067e-13		1.84798859758	0.974	0.909	1.0978e-13
800   	200   	596.747		1.77805041031	0.00322	0.866	1.30298e-13		1.85074927106	0.975	0.91	1.09446e-13
800   	200   	600.472		1.78173000801	0.00314	0.869	1.29547e-13		1.85348916606	0.975	0.912	1.09118e-13
800   	200   	604.197		1.78537211388	0.00305	0.872	1.28815e-13		1.85620879231	0.975	0.913	1.08795e-13
800   	200   	607.922		1.78897762314	0.00297	0.874	1.281e-13		1.85890864913	0.976	0.914	1.08478e-13
800   	200   	611.648		1.79254741099	0.0029	0.876	1.27402e-13		1.86158922566	0.976	0.916	1.08166e-13
800   	200   	615.373		1.79608233299	0.00282	0.879	1.26721e-13		1.86425100114	0.976	0.917	1.07859e-13
800   	200   	619.098		1.79958322557	0.00275	0.881	1.26055e-13		1.86689444519	0.977	0.918	1.07558e-13
800   	200   	622.823		1.80305090651	0.00267	0.883	1.25405e-13		1.86952001803	0.977	0.92	1.07262e-13
800   	200   	626.548		1.80648617531	0.00261	0.885	1.24769e-13		1.87212817074	0.977	0.921	1.0697e-13
800   	200   	630.274		1.80988981373	0.00254	0.887	1.24148e-13		1.87471934554	0.977	0.922	1.06683e-13
800   	200   	633.999		1.81326258618	0.00247	0.889	1.2354e-13		1.87729397595	0.978	0.923	1.06401e-13
800   	200   	637.724		1.81660524016	0.00241	0.892	1.22946e-13		1.87985248708	0.978	0.924	1.06123e-13
800   	200   	641.449		1.81991850669	0.00235	0.893	1.22364e-13		1.88239529584	0.978	0.926	1.05849e-13
800   	200   	645.175		1.82320310075	0.00229	0.895	1.21795e-13		1.88492281112	0.979	0.927	1.0558e-13
800   	200   	648.9 		1.82645972166	0.00224	0.897	1.21238e-13		1.88743543403	0.979	0.928	1.05314e-13
800   	200   	652.625		1.82968905353	0.00218	0.899	1.20692e-13		1.88993355813	0.979	0.929	1.05053e-13
800   	200   	656.35		1.83289176559	0.00213	0.901	1.20158e-13		1.89241756956	0.979	0.93	1.04795e-13
800   	200   	660.076		1.83606851264	0.00207	0.903	1.19635e-13		1.89488784729	0.98	0.931	1.04542e-13
800   	200   	663.801		1.83921993541	0.00202	0.904	1.19122e-13		1.8973447633	0.98	0.932	1.04292e-13
800   	200   	667.526		1.8423466609	0.00197	0.906	1.18619e-13		1.89978868274	0.98	0.933	1.04045e-13
800   	200   	671.251		1.8454493028	0.00193	0.908	1.18127e-13		1.90221996412	0.98	0.934	1.03802e-13
800   	200   	674.977		1.84852846179	0.00188	0.909	1.17644e-13		1.9046389595	0.981	0.935	1.03563e-13
800   	200   	678.702		1.8515847259	0.00184	0.911	1.1717e-13		1.90704601464	0.981	0.936	1.03327e-13
800   	200   	682.427		1.85461867089	0.00179	0.912	1.16705e-13		1.90944146916	0.981	0.937	1.03094e-13
800   	200   	686.152		1.8576308605	0.00175	0.914	1.16249e-13		1.91182565673	0.981	0.938	1.02864e-13
800   	200   	689.877		1.86062184684	0.00171	0.915	1.15802e-13		1.91419890518	0.982	0.939	1.02637e-13
800   	200   	693.603		1.86359217066	0.00167	0.917	1.15363e-13		1.9165615367	0.982	0.94	1.02414e-13
800   	200   	697.328		1.86654236169	0.00163	0.918	1.14932e-13		1.91891386795	0.982	0.941	1.02193e-13
800   	200   	701.053		1.86947293889	0.00159	0.919	1.14509e-13		1.92125621023	0.982	0.941	1.01975e-13
800   	200   	704.778		1.87238441078	0.00156	0.921	1.14093e-13		1.92358886961	0.982	0.942	1.0176e-13
800   	200   	708.504		1.8752772757	0.00152	0.922	1.13685e-13		1.92591214705	0.983	0.943	1.01548e-13
800   	200   	712.229		1.87815202209	0.00149	0.923	1.13284e-13		1.92822633857	0.983	0.944	1.01339e-13
800   	200   	715.954		1.88100912875	0.00145	0.925	1.1289e-13		1.93053173534	0.983	0.945	1.01132e-13
800   	200   	719.679		1.88384906512	0.00142	0.926	1.12503e-13		1.93282862385	0.983	0.945	1.00928e-13
800   	200   	723.405		1.88667229151	0.00139	0.927	1.12122e-13		1.93511728599	0.984	0.946	1.00726e-13
800   	200   	727.13		1.88947925934	0.00136	0.928	1.11748e-13		1.93739799918	0.984	0.947	1.00527e-13
800   	200   	730.855		1.89227041142	0.00133	0.929	1.1138e-13		1.93967103652	0.984	0.948	1.0033e-13
800   	200   	734.58		1.89504618213	0.0013	0.931	1.11018e-13		1.94193666686	0.984	0.948	1.00135e-13
800   	200   	738.305		1.89780699769	0.00127	0.932	1.10662e-13		1.94419515494	0.984	0.949	9.99432e-14
800   	200   	742.031		1.90055327636	0.00124	0.933	1.10311e-13		1.94644676147	0.984	0.95	9.97533e-14
800   	200   	745.756		1.90328542864	0.00122	0.934	1.09967e-13		1.94869174329	0.985	0.951	9.95656e-14
800   	200   	749.481		1.90600385753	0.00119	0.935	1.09628e-13		1.95093035341	0.985	0.951	9.93801e-14
